Time (s), Current (A), Voltage (V), Temperature (K)
0.000000	5.618115E-12	0.000000	323.999000
0.176015	7.818590E-13	0.050000	324.000000
0.354364	2.191358E-12	0.100000	323.999000
0.530033	1.334644E-12	0.150000	324.003000
0.713278	9.819107E-13	0.200000	324.003000
0.888137	5.063795E-12	0.250000	324.005000
1.064503	2.090571E-12	0.300000	324.002000
1.242157	1.989766E-12	0.350000	324.000000
1.416040	1.267580E-13	0.400000	323.999000
1.611680	2.041728E-12	0.450000	324.001000
1.788133	1.939372E-12	0.500000	323.999000
1.962179	1.737806E-12	0.550000	324.002000
2.141816	3.551992E-12	0.600000	324.001000
2.318561	6.307177E-13	0.650000	323.998000
2.491939	1.487395E-12	0.700000	324.000000
2.671630	5.265361E-12	0.750000	324.002000
2.844702	6.307056E-13	0.800000	324.000000
3.022753	1.183477E-12	0.850000	323.996000
3.213362	3.451179E-12	0.900000	323.995000
3.392090	1.033848E-12	0.950000	323.999000
3.566003	2.191329E-12	1.000000	323.998000
3.743683	3.098403E-12	1.050000	323.998000
3.920796	2.493710E-12	1.100000	323.997000
4.114496	1.252089E-13	1.150000	323.999000
4.292121	2.342489E-12	1.200000	323.997000
4.467831	2.142517E-12	1.250000	323.996000
4.644897	6.291200E-13	1.300000	324.002000
4.817163	4.358285E-12	1.350000	323.999000
5.012267	2.191346E-12	1.400000	323.999000
5.190377	4.862196E-12	1.450000	324.002000
5.368170	3.451191E-12	1.500000	323.998000
5.543659	2.644865E-12	1.550000	324.001000
5.721352	2.191330E-12	1.600000	324.002000
5.914874	2.041721E-12	1.650000	324.004000
6.087946	1.435418E-12	1.700000	324.002000
6.260568	1.183447E-12	1.750000	324.000000
6.435097	1.989750E-12	1.800000	323.997000
6.614879	1.989764E-12	1.850000	323.999000
6.790112	2.344085E-12	1.900000	324.001000
6.967386	3.603928E-12	1.950000	324.000000
7.146061	5.115753E-12	2.000000	323.997000
7.318227	5.299094E-13	2.050000	324.002000
7.514465	3.503161E-12	2.100000	324.001000
7.691813	6.676429E-12	2.150000	324.001000
7.867795	7.333047E-12	2.200000	324.003000
8.040370	1.383385E-11	2.250000	324.001000
8.217713	2.033449E-11	2.300000	324.005000
8.410467	1.327796E-11	2.350000	324.002000
8.587770	1.534410E-11	2.400000	323.999000
8.765416	3.318303E-11	2.450000	324.000000
8.942875	2.947257E-12	2.500000	324.001000
9.119062	2.090553E-12	2.550000	324.003000
9.291290	2.292099E-12	2.600000	324.000000
9.465107	1.494096E-11	2.650000	324.004000
9.638813	7.314861E-13	2.700000	323.998000
9.816422	1.242126E-11	2.750000	324.003000
9.990286	2.191365E-12	2.800000	324.000000
10.164502	8.288955E-12	2.850000	324.003000
10.340119	3.704722E-12	2.900000	324.002000
10.513518	5.618115E-12	2.950000	324.002000
10.690754	9.901600E-12	3.000000	324.001000
10.864266	2.259911E-13	3.050000	324.006000
11.042906	3.249619E-12	3.100000	324.001000
11.216934	1.045747E-11	3.150000	323.997000
11.389480	8.742482E-12	3.200000	323.996000
11.563835	1.267476E-13	3.250000	324.000000
11.741977	7.818919E-13	3.300000	323.998000
11.915932	1.688970E-12	3.350000	323.999000
12.112244	9.818864E-13	3.400000	324.002000
12.288356	2.040167E-12	3.450000	324.001000
12.463574	1.989771E-12	3.500000	323.998000
12.637789	5.870080E-12	3.550000	324.002000
12.814806	3.048046E-12	3.600000	324.002000
12.992020	1.134625E-12	3.650000	324.001000
13.171025	4.912595E-12	3.700000	323.999000
13.343572	2.392916E-12	3.750000	323.998000
13.518355	5.770858E-12	3.800000	324.004000
13.714473	1.771378E-13	3.850000	324.002000
13.888646	2.544132E-12	3.900000	324.003000
14.062534	3.299990E-12	3.950000	324.001000
14.241184	5.803240E-13	4.000000	324.001000
14.414422	1.789754E-12	4.050000	324.000000
14.591928	4.610265E-12	4.100000	324.001000
14.769018	3.199222E-12	4.150000	324.003000
14.942983	1.485827E-12	4.200000	324.000000
15.117026	1.435447E-12	4.250000	323.996000
15.312121	3.100008E-12	4.300000	323.999000
15.485765	3.249633E-12	4.350000	324.002000
15.661047	4.410229E-12	4.400000	324.000000
15.837471	3.148809E-12	4.450000	324.004000
16.015219	4.005541E-12	4.500000	324.004000
16.191933	3.299989E-12	4.550000	324.001000
16.368492	3.603938E-12	4.600000	324.003000
16.542806	3.251179E-12	4.650000	323.999000
16.719905	5.466936E-12	4.700000	324.004000
16.915463	2.259911E-13	4.750000	324.002000
17.091571	4.779718E-13	4.800000	324.003000
17.268702	3.251158E-12	4.850000	324.001000
17.443298	4.779718E-13	4.900000	324.002000
17.616582	4.711042E-12	4.950000	323.997000
18.878949	2.493727E-12	5.000000	323.998000
19.055336	2.545665E-12	4.900000	324.000000
19.232384	2.848013E-12	4.800000	323.999000
19.415427	1.183463E-12	4.700000	324.002000
19.592451	4.005532E-12	4.600000	324.003000
19.768155	4.509445E-12	4.500000	323.999000
19.946418	3.299999E-12	4.400000	324.001000
20.119759	5.787645E-13	4.300000	324.000000
20.314869	7.129946E-12	4.200000	324.003000
Time (s), Current (A), Voltage (V), Temperature (K)
0.000000	8.137796E-12	0.000000	323.999000
0.188775	5.114182E-12	0.200000	324.000000
0.364538	5.114176E-12	0.400000	324.003000
0.541184	4.207079E-12	0.600000	324.000000
0.720475	4.509438E-12	0.800000	324.003000
0.895298	6.827559E-12	1.000000	324.000000
1.087408	3.904705E-12	1.200000	323.999000
1.264779	6.525201E-12	1.400000	324.002000
1.437584	1.788162E-12	1.600000	323.998000
1.612242	1.788172E-12	1.800000	324.004000
1.789326	1.251846E-13	2.000000	324.001000
1.986987	1.840137E-12	2.200000	323.998000
2.162757	3.501590E-12	2.400000	324.002000
2.340553	5.787332E-13	2.600000	324.003000
2.514186	1.032299E-12	2.800000	323.997000
2.693197	9.819003E-13	3.000000	323.997000
2.888855	6.811027E-13	3.200000	324.000000
3.061592	4.275642E-13	3.400000	324.000000
3.239481	2.275437E-13	3.600000	323.998000
3.413826	4.862196E-12	3.800000	324.002000
3.586708	9.834789E-13	4.000000	324.000000
3.766029	2.747242E-12	4.200000	324.000000
3.939126	3.267785E-13	4.400000	323.997000
4.113626	6.425987E-12	4.600000	324.002000
4.291370	3.703165E-12	4.800000	323.999000
4.484632	1.134644E-12	5.000000	324.001000
4.664832	6.224401E-12	5.200000	324.000000
4.842669	7.736214E-12	5.400000	323.999000
5.016890	1.991329E-12	5.600000	323.998000
5.192912	5.166138E-12	5.800000	324.002000
5.386580	3.726364E-10	6.000000	324.002000
5.561217	1.000006E-3	6.200000	324.000000
5.900132	1.000005E-3	6.400000	324.000000
6.192404	1.000004E-3	6.600000	323.999000
6.489551	1.000006E-3	6.800000	323.999000
6.767873	1.000004E-3	7.000000	324.003000
7.047206	1.000005E-3	7.200000	324.002000
7.326355	1.000004E-3	7.400000	324.000000
7.604175	1.000004E-3	7.600000	324.000000
7.888641	1.000004E-3	7.800000	323.999000
8.166383	1.000005E-3	8.000000	324.000000
8.445291	1.000006E-3	8.200000	324.002000
8.724617	1.000006E-3	8.400000	323.998000
9.002317	1.000006E-3	8.600000	323.999000
9.291578	1.000005E-3	8.800000	324.005000
9.589112	1.000004E-3	9.000000	324.000000
9.868547	1.000004E-3	9.200000	323.998000
10.147747	1.000005E-3	9.400000	323.998000
10.424632	1.000004E-3	9.600000	323.999000
10.701458	1.000004E-3	9.800000	323.996000
10.990895	1.000004E-3	10.000000	324.001000
11.268741	1.000003E-3	10.200000	324.002000
11.547653	1.000003E-3	10.400000	324.004000
11.825284	1.000004E-3	10.600000	324.001000
12.104166	1.000003E-3	10.800000	324.002000
12.390730	1.000003E-3	11.000000	324.002000
Time (s), Current (A), Voltage (V), Temperature (K)
0.000000	4.893599E-9	0.000000	323.998000
0.177084	1.226961E-5	0.080000	324.000000
0.475389	2.628222E-5	0.160000	323.997000
0.651354	4.350226E-5	0.240000	323.998000
0.823966	6.672489E-5	0.320000	324.001000
1.103741	1.022072E-4	0.400000	323.999000
1.381311	1.653557E-4	0.480000	324.001000
1.714923	2.908020E-4	0.560000	324.000000
1.992880	5.294994E-4	0.640000	324.000000
2.270946	9.430036E-4	0.720000	324.002000
2.551856	1.000006E-3	0.800000	324.001000
2.829762	1.000006E-3	0.880000	324.000000
3.111563	1.000007E-3	0.960000	324.002000
3.389721	1.000006E-3	1.040000	324.003000
3.670495	1.000006E-3	1.120000	324.002000
3.952283	1.000004E-3	1.200000	324.002000
4.230021	1.000004E-3	1.280000	324.003000
4.508828	1.000005E-3	1.360000	324.003000
4.787604	1.000004E-3	1.440000	324.002000
5.066161	1.000005E-3	1.520000	323.998000
5.352061	1.000004E-3	1.600000	323.998000
5.650143	1.000004E-3	1.680000	323.998000
5.928659	1.000004E-3	1.760000	324.000000
Time (s), Current (A), Voltage (V), Temperature (K)
0.000000	5.342244E-9	0.000000	324.006000
0.188362	2.957682E-6	0.020000	324.003000
0.488438	5.956993E-6	0.040000	324.000000
0.665174	9.012845E-6	0.060000	324.000000
0.840046	1.216154E-5	0.080000	324.000000
1.130259	1.541401E-5	0.100000	324.001000
1.307722	1.879537E-5	0.120000	324.000000
1.488917	2.231961E-5	0.140000	324.001000
1.665529	2.599704E-5	0.160000	324.002000
1.841066	2.984153E-5	0.180000	324.000000
2.017736	3.390487E-5	0.200000	324.001000
2.194349	3.819846E-5	0.220000	324.001000
2.386526	4.276429E-5	0.240000	324.005000
2.564586	4.766601E-5	0.260000	324.003000
2.740989	5.291811E-5	0.280000	324.001000
3.019777	5.857545E-5	0.300000	324.002000
3.293253	6.478894E-5	0.320000	323.998000
3.588511	7.158714E-5	0.340000	324.000000
3.865768	7.918067E-5	0.360000	323.997000
4.142181	8.774168E-5	0.380000	324.000000
4.421622	9.743896E-5	0.400000	323.999000
4.697886	1.089613E-4	0.420000	324.002000
5.032168	1.220402E-4	0.440000	324.001000
5.311344	1.373746E-4	0.460000	324.000000
5.592150	1.556068E-4	0.480000	323.998000
5.892576	1.774741E-4	0.500000	324.002000
6.169769	2.036423E-4	0.520000	324.000000
6.446349	2.347346E-4	0.540000	324.000000
6.724144	2.719523E-4	0.560000	324.001000
7.003975	3.164634E-4	0.580000	324.001000
7.290937	3.685659E-4	0.600000	323.997000
7.568711	4.299188E-4	0.620000	324.000000
7.845092	5.015492E-4	0.640000	323.998000
8.125002	5.840466E-4	0.660000	324.000000
8.405084	6.784396E-4	0.680000	324.000000
8.692461	7.850877E-4	0.700000	323.997000
8.990581	9.063041E-4	0.720000	323.999000
9.291063	1.000007E-3	0.740000	324.002000
9.588882	1.000007E-3	0.760000	323.999000
9.866603	1.000008E-3	0.780000	324.004000
10.144888	1.000007E-3	0.800000	324.004000
10.420993	1.000007E-3	0.820000	323.998000
10.698439	1.000007E-3	0.840000	323.999000
10.993691	1.000008E-3	0.860000	324.002000
11.290273	1.000007E-3	0.880000	324.003000
11.569446	1.000006E-3	0.900000	324.003000
11.847232	1.000007E-3	0.920000	324.002000
12.126627	1.000007E-3	0.940000	323.998000
12.405891	1.000008E-3	0.960000	324.000000
12.691654	1.000006E-3	0.980000	324.002000
12.988661	1.000006E-3	1.000000	324.001000
13.268098	1.000005E-3	1.020000	324.004000
13.546941	1.000007E-3	1.040000	323.997000
13.823434	1.000006E-3	1.060000	323.998000
14.100919	1.000004E-3	1.080000	324.001000
14.393144	1.000007E-3	1.100000	324.004000
14.692004	1.000004E-3	1.120000	324.001000
14.988915	1.000005E-3	1.140000	324.001000
15.268048	1.000004E-3	1.160000	324.001000
15.546038	1.000003E-3	1.180000	324.003000
15.826029	1.000006E-3	1.200000	324.000000
16.104686	1.000005E-3	1.220000	324.001000
16.392169	1.000006E-3	1.240000	323.997000
16.670026	1.000004E-3	1.260000	324.000000
16.947026	1.000006E-3	1.280000	324.001000
17.228265	1.000004E-3	1.300000	323.999000
17.505546	1.000005E-3	1.320000	323.998000
17.792718	1.000004E-3	1.340000	323.999000
18.089132	1.000005E-3	1.360000	324.001000
18.367391	1.000005E-3	1.380000	324.000000
18.643305	1.000005E-3	1.400000	324.003000
18.920595	1.000005E-3	1.420000	324.002000
19.199367	1.000005E-3	1.440000	324.000000
19.494555	1.000004E-3	1.460000	324.000000
19.792329	1.000005E-3	1.480000	324.000000
20.088196	1.000005E-3	1.500000	324.002000
20.366881	1.000004E-3	1.520000	323.999000
20.646095	1.000005E-3	1.540000	323.999000
20.926649	1.000004E-3	1.560000	324.000000
21.206061	1.000004E-3	1.580000	324.001000
21.494078	1.000004E-3	1.600000	324.000000
21.791018	1.000006E-3	1.620000	323.998000
22.088809	1.000005E-3	1.640000	323.998000
22.368653	1.000005E-3	1.660000	324.000000
22.647087	1.000004E-3	1.680000	324.001000
22.926082	1.000005E-3	1.700000	324.000000
23.206463	1.000004E-3	1.720000	324.000000
23.491988	1.000004E-3	1.740000	324.001000
23.790427	1.000004E-3	1.760000	323.996000
24.067873	1.000005E-3	1.780000	324.001000
24.345936	1.000004E-3	1.800000	324.000000
24.624934	1.000004E-3	1.820000	323.999000
24.904421	1.000005E-3	1.840000	323.999000
25.191071	1.000004E-3	1.860000	323.999000
25.470374	1.000004E-3	1.880000	324.002000
25.750513	1.000004E-3	1.900000	323.997000
26.026162	1.000003E-3	1.920000	324.002000
26.305365	1.000003E-3	1.940000	324.003000
26.591152	1.000003E-3	1.960000	324.001000
26.870871	1.000003E-3	1.980000	323.999000
28.283998	1.000005E-3	2.000000	323.997000
28.620594	1.000005E-3	1.960000	323.998000
28.897985	1.000004E-3	1.920000	324.001000
29.193694	1.000005E-3	1.880000	324.001000
29.471471	1.000006E-3	1.840000	324.003000
29.750311	1.000004E-3	1.800000	323.999000
30.029279	1.000005E-3	1.760000	324.000000
30.307725	1.000004E-3	1.720000	323.998000
30.591168	1.000004E-3	1.680000	324.004000
30.872379	1.000004E-3	1.640000	324.002000
31.151582	1.000005E-3	1.600000	324.000000
31.428150	1.000004E-3	1.560000	324.000000
31.706756	1.000005E-3	1.520000	323.998000
31.991724	1.000003E-3	1.480000	324.000000
32.269091	1.000004E-3	1.440000	323.996000
32.548240	1.000005E-3	1.400000	323.999000
32.827075	1.000005E-3	1.360000	324.002000
33.104956	1.000003E-3	1.320000	324.002000
33.392442	1.000005E-3	1.280000	323.998000
33.670003	1.000006E-3	1.240000	324.000000
33.949978	1.000005E-3	1.200000	324.000000
34.231363	1.000006E-3	1.160000	324.002000
34.511888	1.000005E-3	1.120000	324.002000
34.794672	1.000006E-3	1.080000	323.998000
35.072456	1.000006E-3	1.040000	324.001000
35.352638	1.000007E-3	1.000000	324.003000
35.630949	1.000005E-3	0.960000	324.002000
35.909721	1.000006E-3	0.920000	324.000000
36.192466	1.000005E-3	0.880000	324.001000
36.471290	1.000006E-3	0.840000	324.001000
36.750170	1.000007E-3	0.800000	324.004000
37.028347	1.000007E-3	0.760000	324.000000
37.307309	8.706833E-4	0.720000	324.000000
37.592611	6.620825E-4	0.680000	324.002000
37.870796	4.959519E-4	0.640000	324.006000
38.148612	3.678568E-4	0.600000	324.003000
38.425320	2.727062E-4	0.560000	324.002000
38.703155	2.044526E-4	0.520000	324.001000
38.993285	1.559370E-4	0.480000	324.000000
39.291546	1.217236E-4	0.440000	324.000000
39.568903	9.711424E-5	0.400000	323.998000
39.907172	7.861051E-5	0.360000	324.002000
40.192964	6.415986E-5	0.320000	323.997000
40.471694	5.239061E-5	0.280000	324.000000
40.751714	4.235090E-5	0.240000	324.002000
40.928060	3.360049E-5	0.200000	324.002000
41.102454	2.578890E-5	0.160000	324.002000
41.291152	1.867116E-5	0.120000	324.001000
41.465935	1.208669E-5	0.080000	324.002000
41.642153	5.916983E-6	0.040000	324.000000
41.891409	3.912382E-9	0.000000	324.001000
42.135709	5.798837E-6	-0.040000	323.997000
42.433631	1.161929E-5	-0.080000	324.000000
42.726426	1.761114E-5	-0.120000	324.002000
42.902361	2.389702E-5	-0.160000	324.004000
43.090505	3.054622E-5	-0.200000	324.002000
43.268192	3.769040E-5	-0.240000	324.002000
43.442156	4.546183E-5	-0.280000	324.002000
43.619095	5.390502E-5	-0.320000	323.997000
43.895977	6.329347E-5	-0.360000	324.000000
44.191306	7.366017E-5	-0.400000	323.999000
44.468105	8.529168E-5	-0.440000	324.001000
44.748627	9.835441E-5	-0.480000	323.999000
45.027059	1.131846E-4	-0.520000	324.004000
45.360878	1.303439E-4	-0.560000	323.999000
45.640091	1.502402E-4	-0.600000	324.001000
45.918726	1.737290E-4	-0.640000	324.000000
46.199069	2.022235E-4	-0.680000	324.002000
46.493785	2.375384E-4	-0.720000	323.998000
46.791970	2.824632E-4	-0.760000	323.999000
47.070750	3.462731E-4	-0.800000	324.002000
47.349644	4.499357E-4	-0.840000	323.998000
47.631347	6.635686E-4	-0.880000	324.001000
47.908509	1.000010E-3	-0.920000	323.999000
48.194384	1.000009E-3	-0.960000	323.999000
48.470854	1.000008E-3	-1.000000	324.004000
48.750038	1.000009E-3	-1.040000	324.002000
49.030427	1.000007E-3	-1.080000	323.999000
49.306959	1.000007E-3	-1.120000	323.997000
49.592906	1.000008E-3	-1.160000	324.003000
49.873822	1.000008E-3	-1.200000	323.999000
50.154131	1.000007E-3	-1.240000	324.000000
50.432954	1.000007E-3	-1.280000	324.002000
50.713002	1.000007E-3	-1.320000	324.000000
50.995491	1.000007E-3	-1.360000	324.000000
51.291394	1.000006E-3	-1.400000	324.001000
51.569680	1.000006E-3	-1.440000	324.000000
51.851799	1.000007E-3	-1.480000	324.002000
52.130740	1.000008E-3	-1.520000	324.004000
52.409700	1.000006E-3	-1.560000	324.001000
52.692998	1.000006E-3	-1.600000	324.002000
52.973339	1.000006E-3	-1.640000	324.002000
53.254789	1.000007E-3	-1.680000	324.001000
53.533529	1.000006E-3	-1.720000	324.000000
53.812183	1.000006E-3	-1.760000	324.003000
54.095901	1.000006E-3	-1.800000	324.002000
54.390032	1.000006E-3	-1.840000	324.000000
54.670303	1.000006E-3	-1.880000	324.000000
54.949806	1.000006E-3	-1.920000	323.998000
55.230395	1.000007E-3	-1.960000	323.996000
0.000000	1.000006E-3	-2.000000	324.000000
2.252468	1.000007E-3	-1.960000	324.001000
2.447313	1.000007E-3	-1.920000	324.000000
2.624524	1.000006E-3	-1.880000	324.004000
2.798058	1.000007E-3	-1.840000	324.000000
2.976216	1.000006E-3	-1.800000	323.999000
3.152297	1.000006E-3	-1.760000	324.004000
3.348039	1.000006E-3	-1.720000	324.005000
3.525043	1.000006E-3	-1.680000	323.997000
3.703100	1.000006E-3	-1.640000	324.002000
3.880720	1.000007E-3	-1.600000	324.001000
4.058832	1.000008E-3	-1.560000	324.004000
4.246039	1.000007E-3	-1.520000	324.000000
4.420017	1.000006E-3	-1.480000	324.002000
4.594707	1.000006E-3	-1.440000	323.999000
4.771806	1.000006E-3	-1.400000	324.000000
4.949435	1.000007E-3	-1.360000	324.001000
5.123167	1.000007E-3	-1.320000	324.001000
5.299785	1.000007E-3	-1.280000	324.000000
5.478481	1.000006E-3	-1.240000	324.003000
5.654668	1.000007E-3	-1.200000	323.998000
5.847339	1.000006E-3	-1.160000	324.003000
6.020559	1.000007E-3	-1.120000	324.003000
6.194185	1.000007E-3	-1.080000	324.002000
6.370375	1.000009E-3	-1.040000	324.000000
6.547220	1.000008E-3	-1.000000	323.999000
6.744471	1.000009E-3	-0.960000	324.000000
6.919666	9.402833E-4	-0.920000	324.001000
7.092785	4.227941E-4	-0.880000	324.003000
7.264932	3.127026E-4	-0.840000	324.002000
7.447916	2.527570E-4	-0.800000	323.998000
7.643678	2.125312E-4	-0.760000	324.001000
7.818423	1.825565E-4	-0.720000	323.999000
7.988895	1.588392E-4	-0.680000	324.002000
8.165421	1.394284E-4	-0.640000	324.000000
8.349189	1.229192E-4	-0.600000	324.001000
8.525252	1.087146E-4	-0.560000	324.006000
8.701518	9.627320E-5	-0.520000	324.001000
8.946369	8.501318E-5	-0.480000	324.002000
9.125634	7.500014E-5	-0.440000	324.001000
9.300808	6.578986E-5	-0.400000	324.002000
9.478542	5.730188E-5	-0.360000	324.001000
9.654706	4.953672E-5	-0.320000	324.000000
9.846423	4.221831E-5	-0.280000	324.000000
10.020510	3.542314E-5	-0.240000	324.000000
10.193586	2.895549E-5	-0.200000	323.997000
10.370009	2.281434E-5	-0.160000	323.999000
10.547512	1.693523E-5	-0.120000	323.998000
10.721263	1.122400E-5	-0.080000	324.003000
10.897854	5.625405E-6	-0.040000	324.001000
11.146925	2.539413E-9	0.000000	324.001000
12.390079	5.774752E-6	0.040000	324.003000
12.687282	1.178296E-5	0.080000	323.999000
12.978669	1.813974E-5	0.120000	324.000000
13.151325	2.490961E-5	0.160000	324.002000
13.325460	3.230211E-5	0.200000	324.000000
13.502440	4.036077E-5	0.240000	324.001000
13.674288	4.949473E-5	0.280000	324.000000
13.848446	6.016663E-5	0.320000	324.000000
14.020658	7.347399E-5	0.360000	324.000000
14.192865	9.110170E-5	0.400000	323.999000
14.368865	1.164405E-4	0.440000	324.002000
14.602654	1.527082E-4	0.480000	324.001000
14.775636	2.067118E-4	0.520000	324.000000
14.948380	2.864409E-4	0.560000	324.000000
15.122574	4.021201E-4	0.600000	323.998000
15.296728	5.667376E-4	0.640000	323.999000
15.470956	7.990242E-4	0.680000	324.002000
15.646577	1.000006E-3	0.720000	323.999000
15.821644	1.000006E-3	0.760000	323.997000
15.994086	1.000005E-3	0.800000	324.001000
16.169162	1.000007E-3	0.840000	324.001000
16.349349	1.000005E-3	0.880000	324.004000
16.524620	1.000006E-3	0.920000	323.998000
16.701224	1.000005E-3	0.960000	324.001000
16.874922	1.000006E-3	1.000000	323.999000
17.049515	1.000004E-3	1.040000	323.997000
17.223835	1.000003E-3	1.080000	324.001000
17.402012	1.000007E-3	1.120000	324.000000
17.576072	1.000004E-3	1.160000	324.001000
17.753311	1.000005E-3	1.200000	323.999000
17.945911	1.000005E-3	1.240000	324.000000
18.119017	1.000006E-3	1.280000	324.002000
18.293717	1.000003E-3	1.320000	323.994000
18.468987	1.000004E-3	1.360000	323.999000
18.646847	1.000002E-3	1.400000	323.999000
18.822150	1.000005E-3	1.440000	323.998000
18.996834	1.000004E-3	1.480000	323.999000
19.171564	1.000004E-3	1.520000	324.002000
19.348688	1.000004E-3	1.560000	324.001000
19.523789	1.000005E-3	1.600000	323.999000
19.697287	1.000004E-3	1.640000	324.003000
19.871983	1.000002E-3	1.680000	324.000000
20.048643	1.000004E-3	1.720000	324.002000
20.221763	1.000004E-3	1.760000	324.002000
20.396940	1.000006E-3	1.800000	324.000000
20.570524	1.000004E-3	1.840000	323.999000
20.747994	1.000004E-3	1.880000	324.003000
20.922087	1.000004E-3	1.920000	323.997000
21.096766	1.000005E-3	1.960000	324.000000
21.271869	1.000004E-3	2.000000	323.995000
21.448534	1.000003E-3	1.960000	323.996000
21.622657	1.000003E-3	1.920000	323.999000
21.800406	1.000003E-3	1.880000	323.998000
21.974302	1.000004E-3	1.840000	323.997000
22.149515	1.000005E-3	1.800000	323.996000
22.322217	1.000004E-3	1.760000	323.997000
22.501211	1.000004E-3	1.720000	324.000000
22.677291	1.000002E-3	1.680000	324.000000
22.851636	1.000005E-3	1.640000	324.000000
23.024775	1.000003E-3	1.600000	324.002000
23.201062	1.000004E-3	1.560000	324.000000
23.375687	1.000005E-3	1.520000	324.000000
23.550986	1.000006E-3	1.480000	324.000000
23.724191	1.000004E-3	1.440000	324.000000
23.897805	1.000004E-3	1.400000	324.001000
24.073998	1.000004E-3	1.360000	324.000000
24.247642	1.000005E-3	1.320000	323.998000
24.422406	1.000003E-3	1.280000	323.998000
24.596960	1.000005E-3	1.240000	324.004000
24.771972	1.000004E-3	1.200000	323.995000
24.950059	1.000004E-3	1.160000	323.997000
25.122285	1.000004E-3	1.120000	324.003000
25.296883	1.000006E-3	1.080000	324.000000
25.470710	1.000004E-3	1.040000	324.002000
25.646857	1.000005E-3	1.000000	323.999000
25.822985	1.000006E-3	0.960000	324.004000
25.997625	1.000007E-3	0.920000	323.999000
26.170806	1.000004E-3	0.880000	324.001000
26.348914	1.000004E-3	0.840000	323.997000
26.524310	1.000004E-3	0.800000	323.997000
26.697823	1.000006E-3	0.760000	323.997000
26.872506	1.000007E-3	0.720000	324.001000
27.048645	8.405303E-4	0.680000	324.002000
27.223382	6.409687E-4	0.640000	323.998000
27.396573	4.823268E-4	0.600000	324.002000
27.571252	3.590534E-4	0.560000	323.997000
27.747985	2.665047E-4	0.520000	323.999000
27.920687	1.989215E-4	0.480000	324.002000
28.095825	1.502986E-4	0.440000	324.000000
28.270545	1.153115E-4	0.400000	324.001000
28.447762	8.977134E-5	0.360000	324.001000
28.683266	7.079283E-5	0.320000	323.997000
28.857082	5.610127E-5	0.280000	324.000000
29.049245	4.432419E-5	0.240000	323.999000
29.221829	3.455454E-5	0.200000	323.999000
29.409313	2.613935E-5	0.160000	324.000000
29.582531	1.871489E-5	0.120000	323.999000
29.756346	1.204572E-5	0.080000	324.003000
29.949046	5.863305E-6	0.040000	324.002000
30.186781	5.298614E-9	0.000000	324.002000
31.447338	5.709068E-6	-0.040000	323.999000
31.749593	1.143684E-5	-0.080000	324.005000
32.048913	1.734472E-5	-0.120000	324.004000
32.225615	2.357512E-5	-0.160000	323.999000
32.400258	3.021289E-5	-0.200000	324.006000
32.571837	3.740162E-5	-0.240000	324.004000
32.749078	4.522986E-5	-0.280000	324.005000
32.923294	5.384757E-5	-0.320000	323.998000
33.096281	6.326948E-5	-0.360000	323.999000
33.268499	7.380585E-5	-0.400000	323.999000
33.447949	8.552977E-5	-0.440000	323.999000
33.625694	9.865055E-5	-0.480000	324.001000
33.799799	1.130875E-4	-0.520000	324.005000
34.048737	1.296396E-4	-0.560000	323.999000
34.223886	1.489788E-4	-0.600000	323.997000
34.395966	1.711847E-4	-0.640000	324.002000
34.569703	1.973152E-4	-0.680000	324.004000
34.749871	2.289588E-4	-0.720000	324.002000
34.924218	2.678579E-4	-0.760000	323.998000
35.097885	3.181460E-4	-0.800000	324.003000
35.272033	3.914961E-4	-0.840000	324.000000
35.449212	5.202251E-4	-0.880000	324.003000
35.623455	1.000009E-3	-0.920000	324.000000
35.800311	1.000009E-3	-0.960000	324.001000
35.977209	1.000007E-3	-1.000000	323.998000
36.154825	1.000007E-3	-1.040000	324.003000
36.347686	1.000007E-3	-1.080000	323.999000
36.525395	1.000008E-3	-1.120000	323.999000
36.700137	1.000007E-3	-1.160000	323.997000
36.877425	1.000007E-3	-1.200000	323.999000
37.052262	1.000007E-3	-1.240000	324.002000
37.227445	1.000006E-3	-1.280000	323.998000
37.400735	1.000007E-3	-1.320000	324.002000
37.575795	1.000008E-3	-1.360000	324.000000
37.752380	1.000007E-3	-1.400000	324.002000
37.927658	1.000006E-3	-1.440000	324.000000
38.102269	1.000008E-3	-1.480000	324.004000
38.281455	1.000007E-3	-1.520000	324.001000
38.459475	1.000006E-3	-1.560000	324.000000
38.647610	1.000007E-3	-1.600000	324.002000
38.824605	1.000006E-3	-1.640000	324.004000
38.997991	1.000006E-3	-1.680000	324.000000
39.176785	1.000006E-3	-1.720000	324.000000
39.353406	1.000006E-3	-1.760000	324.004000
39.548460	1.000007E-3	-1.800000	324.003000
39.727571	1.000006E-3	-1.840000	324.004000
39.899790	1.000005E-3	-1.880000	324.000000
40.074049	1.000005E-3	-1.920000	323.999000
40.251381	1.000007E-3	-1.960000	324.000000
40.425579	1.000006E-3	-2.000000	324.002000
400.600265	1.000007E-3	-1.960000	322.895000
400.777538	1.000006E-3	-1.920000	322.891000
400.970634	1.000007E-3	-1.880000	322.896000
401.147886	1.000007E-3	-1.840000	322.903000
401.324633	1.000008E-3	-1.800000	322.901000
401.499318	1.000008E-3	-1.760000	322.905000
401.672724	1.000007E-3	-1.720000	322.903000
401.846462	1.000006E-3	-1.680000	322.904000
402.022171	1.000007E-3	-1.640000	322.904000
402.196732	1.000007E-3	-1.600000	322.908000
402.371281	1.000007E-3	-1.560000	322.908000
402.545137	1.000009E-3	-1.520000	322.909000
402.720849	1.000007E-3	-1.480000	322.910000
402.894877	1.000007E-3	-1.440000	322.911000
403.069035	1.000008E-3	-1.400000	322.908000
403.246076	1.000007E-3	-1.360000	322.915000
403.419699	1.000008E-3	-1.320000	322.914000
403.594279	1.000007E-3	-1.280000	322.923000
403.770536	1.000008E-3	-1.240000	322.921000
403.945111	1.000008E-3	-1.200000	322.923000
404.121261	1.000007E-3	-1.160000	322.923000
404.295054	1.000008E-3	-1.120000	322.925000
404.469361	1.000007E-3	-1.080000	322.924000
404.642529	1.000008E-3	-1.040000	322.931000
404.817719	1.000008E-3	-1.000000	322.932000
404.991881	1.000008E-3	-0.960000	322.932000
405.171876	7.340423E-4	-0.920000	322.935000
405.345620	4.035702E-4	-0.880000	322.938000
405.519811	3.041723E-4	-0.840000	322.936000
405.694037	2.477262E-4	-0.800000	322.939000
405.870196	2.091010E-4	-0.760000	322.938000
406.041844	1.800653E-4	-0.720000	322.939000
406.217051	1.569095E-4	-0.680000	322.943000
406.390186	1.377470E-4	-0.640000	322.940000
406.571383	1.216149E-4	-0.600000	322.946000
406.746290	1.075544E-4	-0.560000	322.949000
406.920138	9.527420E-5	-0.520000	322.952000
407.170325	8.421492E-5	-0.480000	322.951000
407.347948	7.421742E-5	-0.440000	322.951000
407.525009	6.512325E-5	-0.400000	322.947000
407.698638	5.676353E-5	-0.360000	322.953000
407.873291	4.902292E-5	-0.320000	322.959000
408.067308	4.178821E-5	-0.280000	322.958000
408.243082	3.500981E-5	-0.240000	322.956000
408.418348	2.863277E-5	-0.200000	322.964000
408.591567	2.255230E-5	-0.160000	322.964000
408.771180	1.672445E-5	-0.120000	322.966000
408.967317	1.108645E-5	-0.080000	322.963000
409.145446	5.551240E-6	-0.040000	322.966000
409.389471	2.967363E-9	0.000000	322.969000
410.636562	5.705549E-6	0.040000	322.978000
410.934903	1.165195E-5	0.080000	322.979000
411.226394	1.796654E-5	0.120000	322.982000
411.405579	2.473085E-5	0.160000	322.981000
411.577789	3.207908E-5	0.200000	322.983000
411.769871	4.025369E-5	0.240000	322.984000
411.945195	4.968825E-5	0.280000	322.987000
412.120767	6.116646E-5	0.320000	322.984000
412.292794	7.610207E-5	0.360000	322.990000
412.470703	9.686300E-5	0.400000	322.990000
412.643317	1.274969E-4	0.440000	322.989000
412.873999	1.734410E-4	0.480000	322.987000
413.045606	2.414629E-4	0.520000	322.991000
413.219797	3.411334E-4	0.560000	322.994000
413.392998	4.818359E-4	0.600000	322.992000
413.572556	6.769417E-4	0.640000	322.994000
413.748122	9.381298E-4	0.680000	322.998000
413.925751	1.000007E-3	0.720000	322.997000
414.101796	1.000008E-3	0.760000	323.001000
414.276856	1.000007E-3	0.800000	322.999000
414.449796	1.000008E-3	0.840000	323.001000
414.627367	1.000008E-3	0.880000	323.000000
414.800977	1.000008E-3	0.920000	322.998000
414.978541	1.000008E-3	0.960000	323.001000
415.171881	1.000007E-3	1.000000	323.002000
415.345766	1.000005E-3	1.040000	322.999000
415.518410	1.000006E-3	1.080000	323.002000
415.693027	1.000006E-3	1.120000	323.001000
415.869668	1.000005E-3	1.160000	323.002000
416.046292	1.000007E-3	1.200000	323.005000
416.224353	1.000006E-3	1.240000	323.006000
416.401535	1.000005E-3	1.280000	323.004000
416.578507	1.000006E-3	1.320000	323.007000
416.771163	1.000004E-3	1.360000	323.006000
416.945697	1.000006E-3	1.400000	323.007000
417.121222	1.000006E-3	1.440000	323.006000
417.295511	1.000004E-3	1.480000	323.007000
417.473348	1.000005E-3	1.520000	323.009000
417.647942	1.000005E-3	1.560000	323.011000
417.821085	1.000004E-3	1.600000	323.006000
417.996639	1.000004E-3	1.640000	323.011000
418.172321	1.000004E-3	1.680000	323.010000
418.346875	1.000003E-3	1.720000	323.012000
418.523000	1.000004E-3	1.760000	323.008000
418.695159	1.000004E-3	1.800000	323.013000
418.869744	1.000004E-3	1.840000	323.012000
419.046762	1.000005E-3	1.880000	323.012000
419.220328	1.000004E-3	1.920000	323.014000
419.395911	1.000002E-3	1.960000	323.014000
419.570555	1.000004E-3	2.000000	323.013000
419.744642	1.000003E-3	1.960000	323.015000
419.920371	1.000004E-3	1.920000	323.012000
420.096490	1.000005E-3	1.880000	323.014000
420.270934	1.000005E-3	1.840000	323.012000
420.446819	1.000003E-3	1.800000	323.013000
420.620554	1.000004E-3	1.760000	323.016000
420.794691	1.000004E-3	1.720000	323.016000
420.971273	1.000004E-3	1.680000	323.016000
421.145934	1.000005E-3	1.640000	323.015000
421.318694	1.000003E-3	1.600000	323.015000
421.493028	1.000003E-3	1.560000	323.017000
421.669702	1.000005E-3	1.520000	323.018000
421.843355	1.000005E-3	1.480000	323.014000
422.018020	1.000006E-3	1.440000	323.012000
422.191160	1.000004E-3	1.400000	323.018000
422.371357	1.000006E-3	1.360000	323.014000
422.545461	1.000005E-3	1.320000	323.014000
422.719633	1.000004E-3	1.280000	323.010000
422.893863	1.000005E-3	1.240000	323.018000
423.084043	1.000006E-3	1.200000	323.014000
423.271239	1.000005E-3	1.160000	323.014000
423.444489	1.000004E-3	1.120000	323.013000
423.618857	1.000004E-3	1.080000	323.015000
423.792419	1.000004E-3	1.040000	323.014000
423.972727	1.000004E-3	1.000000	323.014000
424.147346	1.000006E-3	0.960000	323.017000
424.323946	1.000006E-3	0.920000	323.013000
424.497489	1.000008E-3	0.880000	323.013000
424.671229	1.000006E-3	0.840000	323.011000
424.845879	1.000007E-3	0.800000	323.013000
425.023193	1.000006E-3	0.760000	323.014000
425.197193	1.000007E-3	0.720000	323.013000
425.370449	1.000006E-3	0.680000	323.014000
425.544874	7.777888E-4	0.640000	323.014000
425.722483	5.942917E-4	0.600000	323.015000
425.897665	4.468679E-4	0.560000	323.015000
426.071025	3.324715E-4	0.520000	323.014000
426.244516	2.459619E-4	0.480000	323.012000
426.416210	1.825030E-4	0.440000	323.015000
426.590043	1.365784E-4	0.400000	323.010000
426.773870	1.032531E-4	0.360000	323.013000
426.948049	7.898758E-5	0.320000	323.009000
427.178762	6.098320E-5	0.280000	323.012000
427.371375	4.707753E-5	0.240000	323.009000
427.545765	3.602097E-5	0.200000	323.009000
427.720047	2.689118E-5	0.160000	323.015000
427.891796	1.908773E-5	0.120000	323.010000
428.069556	1.217401E-5	0.080000	323.011000
428.243684	5.905236E-6	0.040000	323.010000
428.480915	5.236803E-9	0.000000	323.008000
429.724411	5.713262E-6	-0.040000	323.008000
430.021703	1.145338E-5	-0.080000	323.010000
430.312605	1.739563E-5	-0.120000	323.005000
430.488230	2.368503E-5	-0.160000	323.002000
430.670938	3.044098E-5	-0.200000	323.006000
430.844226	3.782500E-5	-0.240000	323.004000
431.017827	4.590980E-5	-0.280000	323.006000
431.192404	5.481694E-5	-0.320000	323.006000
431.373102	6.458825E-5	-0.360000	323.006000
431.547771	7.546414E-5	-0.400000	323.004000
431.721963	8.753555E-5	-0.440000	323.003000
431.897054	1.011057E-4	-0.480000	323.005000
432.071238	1.159316E-4	-0.520000	323.005000
432.304506	1.332018E-4	-0.560000	323.007000
432.477598	1.526463E-4	-0.600000	323.006000
432.669683	1.747160E-4	-0.640000	323.007000
432.848035	2.008016E-4	-0.680000	323.005000
433.022219	2.318941E-4	-0.720000	323.006000
433.197368	2.698008E-4	-0.760000	323.003000
433.372548	3.188878E-4	-0.800000	323.002000
433.549150	3.877018E-4	-0.840000	323.006000
433.724767	5.020757E-4	-0.880000	323.004000
433.898913	8.409980E-4	-0.920000	323.004000
434.073145	1.000009E-3	-0.960000	323.006000
434.247377	1.000010E-3	-1.000000	323.002000
434.423527	1.000009E-3	-1.040000	323.002000
434.597632	1.000008E-3	-1.080000	323.004000
434.774985	1.000009E-3	-1.120000	323.003000
434.949273	1.000008E-3	-1.160000	323.003000
435.124408	1.000007E-3	-1.200000	323.006000
435.300294	1.000008E-3	-1.240000	323.003000
435.475415	1.000008E-3	-1.280000	323.000000
435.669487	1.000007E-3	-1.320000	323.001000
435.843616	1.000007E-3	-1.360000	323.002000
436.015888	1.000007E-3	-1.400000	323.001000
436.189024	1.000007E-3	-1.440000	323.001000
436.371735	1.000008E-3	-1.480000	323.001000
436.545136	1.000008E-3	-1.520000	322.999000
436.719361	1.000007E-3	-1.560000	323.000000
436.893641	1.000008E-3	-1.600000	323.003000
437.070760	1.000008E-3	-1.640000	323.004000
437.243931	1.000007E-3	-1.680000	323.002000
437.417049	1.000007E-3	-1.720000	323.000000
437.591195	1.000008E-3	-1.760000	323.001000
437.772546	1.000008E-3	-1.800000	323.003000
437.945561	1.000007E-3	-1.840000	322.997000
438.120215	1.000007E-3	-1.880000	323.000000
438.294077	1.000007E-3	-1.920000	323.001000
438.472484	1.000006E-3	-1.960000	322.999000
438.648716	1.000006E-3	-2.000000	323.000000
798.826463	1.000007E-3	-1.960000	322.000000
799.004657	1.000007E-3	-1.920000	322.001000
799.191793	1.000006E-3	-1.880000	322.002000
799.366621	1.000006E-3	-1.840000	322.001000
799.543085	1.000006E-3	-1.800000	321.997000
799.717609	1.000007E-3	-1.760000	322.000000
799.892699	1.000007E-3	-1.720000	322.000000
800.068377	1.000007E-3	-1.680000	321.999000
800.241607	1.000007E-3	-1.640000	322.000000
800.416865	1.000007E-3	-1.600000	322.002000
800.593081	1.000007E-3	-1.560000	322.000000
800.770170	1.000007E-3	-1.520000	322.001000
800.945932	1.000008E-3	-1.480000	321.999000
801.121050	1.000008E-3	-1.440000	322.000000
801.295425	1.000007E-3	-1.400000	321.999000
801.469173	1.000007E-3	-1.360000	322.001000
801.642654	1.000007E-3	-1.320000	321.995000
801.819769	1.000007E-3	-1.280000	321.999000
801.994106	1.000009E-3	-1.240000	322.000000
802.168729	1.000007E-3	-1.200000	321.996000
802.344447	1.000008E-3	-1.160000	321.994000
802.520327	1.000008E-3	-1.120000	322.000000
802.693446	1.000007E-3	-1.080000	322.000000
802.868576	1.000008E-3	-1.040000	321.990000
803.043773	1.000009E-3	-1.000000	321.991000
803.218414	1.000010E-3	-0.960000	321.989000
803.394196	6.537809E-4	-0.920000	321.990000
803.566706	3.865902E-4	-0.880000	321.991000
803.740683	2.954153E-4	-0.840000	321.988000
803.917502	2.417929E-4	-0.800000	321.981000
804.091681	2.045229E-4	-0.760000	321.983000
804.268745	1.763535E-4	-0.720000	321.981000
804.443064	1.538991E-4	-0.680000	321.981000
804.616762	1.352077E-4	-0.640000	321.979000
804.792337	1.193332E-4	-0.600000	321.981000
804.968459	1.056167E-4	-0.560000	321.979000
805.142575	9.347134E-5	-0.520000	321.974000
805.392988	8.266285E-5	-0.480000	321.975000
805.567211	7.283915E-5	-0.440000	321.968000
805.743393	6.391847E-5	-0.400000	321.964000
805.915590	5.570087E-5	-0.360000	321.964000
806.093542	4.806653E-5	-0.320000	321.963000
806.269731	4.095957E-5	-0.280000	321.958000
806.442106	3.433174E-5	-0.240000	321.956000
806.615675	2.803879E-5	-0.200000	321.954000
806.794349	2.207663E-5	-0.160000	321.954000
806.968119	1.639451E-5	-0.120000	321.953000
807.141726	1.085899E-5	-0.080000	321.951000
807.317034	5.438801E-6	-0.040000	321.949000
807.555508	3.225175E-9	0.000000	321.931000
808.806773	5.578227E-6	0.040000	321.930000
809.107014	1.138532E-5	0.080000	321.925000
809.398638	1.756358E-5	0.120000	321.924000
809.591490	2.417974E-5	0.160000	321.922000
809.765650	3.143045E-5	0.200000	321.916000
809.939022	3.951303E-5	0.240000	321.913000
810.113125	4.889729E-5	0.280000	321.912000
810.293071	6.049187E-5	0.320000	321.910000
810.467474	7.576240E-5	0.360000	321.906000
810.639224	9.742250E-5	0.400000	321.904000
810.813586	1.298745E-4	0.440000	321.898000
811.041525	1.793533E-4	0.480000	321.901000
811.217670	2.528536E-4	0.520000	321.899000
811.391873	3.597863E-4	0.560000	321.894000
811.566339	5.102074E-4	0.600000	321.893000
811.740607	7.150221E-4	0.640000	321.893000
811.913560	9.906248E-4	0.680000	321.887000
812.094761	1.000007E-3	0.720000	321.885000
812.268873	1.000007E-3	0.760000	321.884000
812.444581	1.000006E-3	0.800000	321.881000
812.622342	1.000006E-3	0.840000	321.882000
812.797787	1.000005E-3	0.880000	321.879000
812.971461	1.000008E-3	0.920000	321.877000
813.146230	1.000008E-3	0.960000	321.876000
813.319861	1.000006E-3	1.000000	321.869000
813.493582	1.000007E-3	1.040000	321.870000
813.668188	1.000006E-3	1.080000	321.871000
813.841979	1.000004E-3	1.120000	321.863000
814.015663	1.000006E-3	1.160000	321.862000
814.192657	1.000004E-3	1.200000	321.864000
814.366282	1.000006E-3	1.240000	321.860000
814.541480	1.000005E-3	1.280000	321.855000
814.716465	1.000006E-3	1.320000	321.852000
814.894622	1.000006E-3	1.360000	321.848000
815.069404	1.000004E-3	1.400000	321.850000
815.245166	1.000005E-3	1.440000	321.846000
815.419087	1.000005E-3	1.480000	321.845000
815.594334	1.000007E-3	1.520000	321.843000
815.767062	1.000003E-3	1.560000	321.838000
815.942688	1.000005E-3	1.600000	321.837000
816.117897	1.000004E-3	1.640000	321.835000
816.292128	1.000005E-3	1.680000	321.830000
816.467481	1.000004E-3	1.720000	321.832000
816.642839	1.000006E-3	1.760000	321.832000
816.816334	1.000005E-3	1.800000	321.827000
816.992481	1.000005E-3	1.840000	321.825000
817.166938	1.000006E-3	1.880000	321.825000
817.339096	1.000006E-3	1.920000	321.818000
817.513374	1.000005E-3	1.960000	321.819000
817.693166	1.000004E-3	2.000000	321.821000
817.867368	1.000004E-3	1.960000	321.818000
818.040110	1.000005E-3	1.920000	321.813000
818.214840	1.000005E-3	1.880000	321.813000
818.394646	1.000003E-3	1.840000	321.811000
818.570325	1.000002E-3	1.800000	321.806000
818.745433	1.000004E-3	1.760000	321.806000
818.920519	1.000004E-3	1.720000	321.804000
819.094790	1.000004E-3	1.680000	321.804000
819.270133	1.000005E-3	1.640000	321.796000
819.444777	1.000003E-3	1.600000	321.793000
819.619638	1.000006E-3	1.560000	321.791000
819.795066	1.000004E-3	1.520000	321.793000
819.968224	1.000005E-3	1.480000	321.794000
820.141881	1.000006E-3	1.440000	321.788000
820.315485	1.000006E-3	1.400000	321.782000
820.493825	1.000004E-3	1.360000	321.782000
820.669043	1.000004E-3	1.320000	321.782000
820.841305	1.000003E-3	1.280000	321.777000
821.017895	1.000006E-3	1.240000	321.780000
821.194407	1.000004E-3	1.200000	321.782000
821.368573	1.000004E-3	1.160000	321.772000
821.542452	1.000005E-3	1.120000	321.770000
821.717572	1.000006E-3	1.080000	321.770000
821.894521	1.000005E-3	1.040000	321.768000
822.068261	1.000006E-3	1.000000	321.765000
822.241926	1.000006E-3	0.960000	321.762000
822.416711	1.000006E-3	0.920000	321.758000
822.595516	1.000005E-3	0.880000	321.756000
822.771106	1.000006E-3	0.840000	321.758000
822.943925	1.000006E-3	0.800000	321.755000
823.122139	1.000007E-3	0.760000	321.753000
823.296945	1.000006E-3	0.720000	321.753000
823.471612	1.000007E-3	0.680000	321.749000
823.646087	8.888715E-4	0.640000	321.745000
823.819715	6.855212E-4	0.600000	321.743000
823.993895	5.192969E-4	0.560000	321.741000
824.169174	3.875253E-4	0.520000	321.738000
824.342305	2.862542E-4	0.480000	321.738000
824.514048	2.105205E-4	0.440000	321.735000
824.693349	1.550935E-4	0.400000	321.735000
824.866838	1.151137E-4	0.360000	321.733000
825.040905	8.609692E-5	0.320000	321.731000
825.272777	6.505170E-5	0.280000	321.733000
825.446550	4.928783E-5	0.240000	321.724000
825.619284	3.708006E-5	0.200000	321.724000
825.794425	2.730137E-5	0.160000	321.723000
825.969218	1.917903E-5	0.120000	321.725000
826.141963	1.215680E-5	0.080000	321.719000
826.316609	5.862853E-6	0.040000	321.712000
826.553412	3.893236E-9	0.000000	321.703000
827.798247	5.634823E-6	-0.040000	321.699000
828.096766	1.129496E-5	-0.080000	321.696000
828.394264	1.718327E-5	-0.120000	321.694000
828.569493	2.343115E-5	-0.160000	321.689000
828.744085	3.021421E-5	-0.200000	321.688000
828.918921	3.756337E-5	-0.240000	321.690000
829.095646	4.570343E-5	-0.280000	321.688000
829.270233	5.459363E-5	-0.320000	321.684000
829.442533	6.453494E-5	-0.360000	321.686000
829.620419	7.557248E-5	-0.400000	321.682000
829.795324	8.781417E-5	-0.440000	321.683000
829.967591	1.015024E-4	-0.480000	321.676000
830.142238	1.165258E-4	-0.520000	321.675000
830.372981	1.336048E-4	-0.560000	321.674000
830.547213	1.532820E-4	-0.600000	321.673000
830.720934	1.756399E-4	-0.640000	321.666000
830.895087	2.016257E-4	-0.680000	321.665000
831.072216	2.322892E-4	-0.720000	321.664000
831.245970	2.697443E-4	-0.760000	321.664000
831.420040	3.166655E-4	-0.800000	321.663000
831.594011	3.820035E-4	-0.840000	321.662000
831.768209	4.872976E-4	-0.880000	321.658000
831.942315	7.722353E-4	-0.920000	321.658000
832.116492	1.000009E-3	-0.960000	321.655000
832.292634	1.000010E-3	-1.000000	321.650000
832.467374	1.000007E-3	-1.040000	321.647000
832.644166	1.000008E-3	-1.080000	321.650000
832.817860	1.000009E-3	-1.120000	321.647000
832.995489	1.000007E-3	-1.160000	321.650000
833.172349	1.000008E-3	-1.200000	321.645000
833.348131	1.000009E-3	-1.240000	321.643000
833.523386	1.000007E-3	-1.280000	321.639000
833.696652	1.000008E-3	-1.320000	321.640000
833.871280	1.000008E-3	-1.360000	321.636000
834.045855	1.000007E-3	-1.400000	321.630000
834.223969	1.000007E-3	-1.440000	321.629000
834.398286	1.000007E-3	-1.480000	321.628000
834.572438	1.000007E-3	-1.520000	321.629000
834.746694	1.000007E-3	-1.560000	321.626000
834.920914	1.000006E-3	-1.600000	321.625000
835.099059	1.000008E-3	-1.640000	321.622000
835.273183	1.000006E-3	-1.680000	321.625000
835.447259	1.000007E-3	-1.720000	321.616000
835.621531	1.000007E-3	-1.760000	321.614000
835.794757	1.000008E-3	-1.800000	321.615000
835.972950	1.000008E-3	-1.840000	321.611000
836.146776	1.000009E-3	-1.880000	321.614000
836.321999	1.000006E-3	-1.920000	321.610000
836.496884	1.000007E-3	-1.960000	321.612000
836.671080	1.000007E-3	-2.000000	321.603000
1196.846445	1.000005E-3	-1.960000	319.952000
1197.023091	1.000006E-3	-1.920000	319.952000
1197.218098	1.000006E-3	-1.880000	319.952000
1197.392953	1.000006E-3	-1.840000	319.955000
1197.567707	1.000007E-3	-1.800000	319.951000
1197.741160	1.000006E-3	-1.760000	319.958000
1197.914433	1.000006E-3	-1.720000	319.959000
1198.090112	1.000007E-3	-1.680000	319.957000
1198.264898	1.000006E-3	-1.640000	319.960000
1198.438645	1.000006E-3	-1.600000	319.959000
1198.615592	1.000006E-3	-1.560000	319.961000
1198.789859	1.000008E-3	-1.520000	319.958000
1198.963783	1.000007E-3	-1.480000	319.964000
1199.137887	1.000006E-3	-1.440000	319.965000
1199.314693	1.000007E-3	-1.400000	319.964000
1199.487957	1.000007E-3	-1.360000	319.965000
1199.663274	1.000007E-3	-1.320000	319.967000
1199.840358	1.000006E-3	-1.280000	319.970000
1200.017324	1.000008E-3	-1.240000	319.968000
1200.190429	1.000007E-3	-1.200000	319.971000
1200.363779	1.000006E-3	-1.160000	319.972000
1200.537200	1.000007E-3	-1.120000	319.975000
1200.717071	1.000006E-3	-1.080000	319.973000
1200.891405	1.000007E-3	-1.040000	319.973000
1201.065209	1.000007E-3	-1.000000	319.976000
1201.240462	1.000008E-3	-0.960000	319.977000
1201.417338	6.255697E-4	-0.920000	319.977000
1201.591455	3.765787E-4	-0.880000	319.980000
1201.765161	2.891568E-4	-0.840000	319.978000
1201.938606	2.370201E-4	-0.800000	319.983000
1202.115718	2.008193E-4	-0.760000	319.978000
1202.286952	1.733474E-4	-0.720000	319.984000
1202.471737	1.512910E-4	-0.680000	319.984000
1202.649047	1.328786E-4	-0.640000	319.981000
1202.826251	1.173213E-4	-0.600000	319.986000
1203.016067	1.038529E-4	-0.560000	319.984000
1203.195276	9.193877E-5	-0.520000	319.984000
1203.430410	8.128695E-5	-0.480000	319.984000
1203.615687	7.168185E-5	-0.440000	319.984000
1203.789400	6.288621E-5	-0.400000	319.992000
1203.965721	5.483161E-5	-0.360000	319.990000
1204.138991	4.737088E-5	-0.320000	319.987000
1204.315686	4.039043E-5	-0.280000	319.990000
1204.489406	3.385507E-5	-0.240000	319.994000
1204.661701	2.766075E-5	-0.200000	319.991000
1204.838072	2.178529E-5	-0.160000	319.995000
1205.017821	1.616683E-5	-0.120000	319.996000
1205.192434	1.072035E-5	-0.080000	319.992000
1205.366776	5.367615E-6	-0.040000	319.996000
1205.618151	3.582257E-9	0.000000	320.000000
1206.862086	5.519684E-6	0.040000	320.003000
1207.160386	1.127102E-5	0.080000	320.003000
1207.451299	1.736594E-5	0.120000	320.003000
1207.627110	2.390081E-5	0.160000	320.003000
1207.816681	3.099932E-5	0.200000	320.005000
1207.990570	3.892221E-5	0.240000	320.002000
1208.163449	4.815778E-5	0.280000	320.002000
1208.338133	5.950054E-5	0.320000	320.002000
1208.515222	7.451489E-5	0.360000	320.004000
1208.689440	9.588808E-5	0.400000	320.007000
1208.862980	1.283143E-4	0.440000	320.010000
1209.093985	1.777585E-4	0.480000	320.006000
1209.271205	2.512317E-4	0.520000	320.010000
1209.445547	3.589674E-4	0.560000	320.006000
1209.620678	5.107111E-4	0.600000	320.008000
1209.814983	7.214151E-4	0.640000	320.005000
1209.990001	9.986293E-4	0.680000	320.006000
1210.166982	1.000007E-3	0.720000	320.010000
1210.345687	1.000007E-3	0.760000	320.007000
1210.521423	1.000007E-3	0.800000	320.012000
1210.713178	1.000006E-3	0.840000	320.012000
1210.887295	1.000006E-3	0.880000	320.010000
1211.062014	1.000006E-3	0.920000	320.005000
1211.236195	1.000007E-3	0.960000	320.012000
1211.416422	1.000006E-3	1.000000	320.009000
1211.590065	1.000006E-3	1.040000	320.011000
1211.765359	1.000006E-3	1.080000	320.007000
1211.939145	1.000006E-3	1.120000	320.009000
1212.116194	1.000006E-3	1.160000	320.007000
1212.290932	1.000003E-3	1.200000	320.010000
1212.465132	1.000006E-3	1.240000	320.011000
1212.639258	1.000006E-3	1.280000	320.010000
1212.816564	1.000002E-3	1.320000	320.009000
1212.992778	1.000004E-3	1.360000	320.015000
1213.165483	1.000004E-3	1.400000	320.012000
1213.339707	1.000003E-3	1.440000	320.013000
1213.515983	1.000004E-3	1.480000	320.012000
1213.690294	1.000005E-3	1.520000	320.010000
1213.864919	1.000004E-3	1.560000	320.015000
1214.038811	1.000003E-3	1.600000	320.012000
1214.218093	1.000004E-3	1.640000	320.009000
1214.393816	1.000006E-3	1.680000	320.014000
1214.568027	1.000004E-3	1.720000	320.015000
1214.744701	1.000004E-3	1.760000	320.013000
1214.918306	1.000006E-3	1.800000	320.012000
1215.093057	1.000005E-3	1.840000	320.008000
1215.269276	1.000004E-3	1.880000	320.015000
1215.443760	1.000004E-3	1.920000	320.012000
1215.618989	1.000004E-3	1.960000	320.013000
1215.792248	1.000002E-3	2.000000	320.015000
1215.966906	1.000002E-3	1.960000	320.013000
1216.140265	1.000003E-3	1.920000	320.011000
1216.317351	1.000002E-3	1.880000	320.009000
1216.492031	1.000005E-3	1.840000	320.012000
1216.665412	1.000005E-3	1.800000	320.012000
1216.839577	1.000005E-3	1.760000	320.015000
1217.016690	1.000004E-3	1.720000	320.013000
1217.190538	1.000006E-3	1.680000	320.012000
1217.365845	1.000004E-3	1.640000	320.010000
1217.540608	1.000003E-3	1.600000	320.011000
1217.715775	1.000004E-3	1.560000	320.011000
1217.891427	1.000004E-3	1.520000	320.012000
1218.066607	1.000007E-3	1.480000	320.010000
1218.240805	1.000004E-3	1.440000	320.014000
1218.418525	1.000003E-3	1.400000	320.011000
1218.592882	1.000003E-3	1.360000	320.014000
1218.770669	1.000004E-3	1.320000	320.014000
1218.943686	1.000005E-3	1.280000	320.010000
1219.116462	1.000005E-3	1.240000	320.010000
1219.291139	1.000004E-3	1.200000	320.009000
1219.464481	1.000004E-3	1.160000	320.009000
1219.639121	1.000005E-3	1.120000	320.011000
1219.818826	1.000004E-3	1.080000	320.012000
1219.995096	1.000007E-3	1.040000	320.011000
1220.169178	1.000006E-3	1.000000	320.013000
1220.342262	1.000005E-3	0.960000	320.014000
1220.518003	1.000006E-3	0.920000	320.013000
1220.691335	1.000005E-3	0.880000	320.010000
1220.866100	1.000005E-3	0.840000	320.010000
1221.040216	1.000005E-3	0.800000	320.013000
1221.218337	1.000005E-3	0.760000	320.008000
1221.392573	1.000007E-3	0.720000	320.012000
1221.567027	1.000006E-3	0.680000	320.012000
1221.741663	9.662931E-4	0.640000	320.009000
1221.915483	7.506738E-4	0.600000	320.008000
1222.090707	5.723542E-4	0.560000	320.012000
1222.264800	4.290457E-4	0.520000	320.009000
1222.438514	3.171390E-4	0.480000	320.007000
1222.617023	2.326542E-4	0.440000	320.010000
1222.793262	1.703695E-4	0.400000	320.009000
1222.966443	1.250099E-4	0.360000	320.009000
1223.141016	9.219477E-5	0.320000	320.010000
1223.375691	6.865319E-5	0.280000	320.009000
1223.548891	5.128755E-5	0.240000	320.008000
1223.722262	3.810306E-5	0.200000	320.008000
1223.896042	2.777448E-5	0.160000	320.004000
1224.069951	1.936280E-5	0.120000	320.005000
1224.243709	1.219932E-5	0.080000	320.009000
1224.417470	5.869481E-6	0.040000	320.009000
1224.655092	3.641651E-9	0.000000	320.005000
1225.916825	5.607715E-6	-0.040000	320.004000
1226.216722	1.123401E-5	-0.080000	320.006000
1226.517654	1.710825E-5	-0.120000	320.003000
1226.694417	2.336636E-5	-0.160000	320.009000
1226.864727	3.016584E-5	-0.200000	320.005000
1227.037867	3.760217E-5	-0.240000	320.006000
1227.217475	4.580304E-5	-0.280000	320.006000
1227.391395	5.484356E-5	-0.320000	320.004000
1227.564641	6.486459E-5	-0.360000	320.008000
1227.737887	7.604859E-5	-0.400000	320.007000
1227.918395	8.850841E-5	-0.440000	320.009000
1228.091151	1.022913E-4	-0.480000	320.000000
1228.266342	1.173394E-4	-0.520000	320.003000
1228.514678	1.342136E-4	-0.560000	320.002000
1228.691006	1.538925E-4	-0.600000	320.001000
1228.866299	1.760715E-4	-0.640000	320.007000
1229.039501	2.018974E-4	-0.680000	320.004000
1229.219104	2.317046E-4	-0.720000	320.004000
1229.393397	2.683653E-4	-0.760000	320.003000
1229.565177	3.140073E-4	-0.800000	320.002000
1229.741881	3.763533E-4	-0.840000	320.003000
1229.917150	4.776600E-4	-0.880000	320.001000
1230.092252	7.318697E-4	-0.920000	320.002000
1230.267290	1.000007E-3	-0.960000	319.999000
1230.440751	1.000008E-3	-1.000000	320.004000
1230.618485	1.000006E-3	-1.040000	319.996000
1230.794709	1.000007E-3	-1.080000	320.005000
1230.968987	1.000006E-3	-1.120000	320.005000
1231.143137	1.000008E-3	-1.160000	320.004000
1231.316955	1.000007E-3	-1.200000	320.000000
1231.491716	1.000008E-3	-1.240000	320.000000
1231.666471	1.000007E-3	-1.280000	320.001000
1231.840658	1.000006E-3	-1.320000	320.002000
1232.017471	1.000007E-3	-1.360000	320.001000
1232.191217	1.000005E-3	-1.400000	320.004000
1232.365424	1.000007E-3	-1.440000	319.999000
1232.542633	1.000007E-3	-1.480000	319.999000
1232.717895	1.000006E-3	-1.520000	320.000000
1232.891782	1.000005E-3	-1.560000	320.004000
1233.068906	1.000006E-3	-1.600000	320.001000
1233.243724	1.000006E-3	-1.640000	320.000000
1233.418442	1.000007E-3	-1.680000	320.000000
1233.592878	1.000007E-3	-1.720000	319.998000
1233.768077	1.000006E-3	-1.760000	319.995000
1233.942401	1.000005E-3	-1.800000	320.002000
1234.118590	1.000005E-3	-1.840000	320.003000
1234.290862	1.000006E-3	-1.880000	319.999000
1234.464941	1.000006E-3	-1.920000	319.998000
1234.638890	1.000005E-3	-1.960000	319.998000
1234.820086	1.000007E-3	-2.000000	320.000000
1594.995501	1.000006E-3	-1.960000	318.649000
1595.172781	1.000005E-3	-1.920000	318.645000
1595.350111	1.000006E-3	-1.880000	318.643000
1595.538641	1.000006E-3	-1.840000	318.644000
1595.712774	1.000008E-3	-1.800000	318.642000
1595.888003	1.000005E-3	-1.760000	318.640000
1596.061790	1.000007E-3	-1.720000	318.639000
1596.239022	1.000006E-3	-1.680000	318.637000
1596.412883	1.000006E-3	-1.640000	318.639000
1596.587185	1.000008E-3	-1.600000	318.633000
1596.760832	1.000006E-3	-1.560000	318.632000
1596.938194	1.000007E-3	-1.520000	318.631000
1597.112379	1.000007E-3	-1.480000	318.629000
1597.285512	1.000007E-3	-1.440000	318.628000
1597.463810	1.000005E-3	-1.400000	318.629000
1597.637692	1.000005E-3	-1.360000	318.631000
1597.811860	1.000007E-3	-1.320000	318.629000
1597.986080	1.000006E-3	-1.280000	318.623000
1598.159959	1.000007E-3	-1.240000	318.620000
1598.340517	1.000006E-3	-1.200000	318.620000
1598.517185	1.000006E-3	-1.160000	318.623000
1598.690890	1.000006E-3	-1.120000	318.622000
1598.865385	1.000007E-3	-1.080000	318.617000
1599.039947	1.000008E-3	-1.040000	318.616000
1599.214754	1.000008E-3	-1.000000	318.615000
1599.389572	1.000007E-3	-0.960000	318.617000
1599.561956	5.544976E-4	-0.920000	318.611000
1599.739079	3.547997E-4	-0.880000	318.614000
1599.913119	2.758786E-4	-0.840000	318.613000
1600.086831	2.276108E-4	-0.800000	318.612000
1600.263751	1.934776E-4	-0.760000	318.610000
1600.440922	1.672878E-4	-0.720000	318.609000
1600.616167	1.461442E-4	-0.680000	318.607000
1600.789805	1.286526E-4	-0.640000	318.604000
1600.964565	1.137322E-4	-0.600000	318.605000
1601.138371	1.006556E-4	-0.560000	318.604000
1601.313105	8.921639E-5	-0.520000	318.601000
1601.547283	7.887872E-5	-0.480000	318.601000
1601.739740	6.952857E-5	-0.440000	318.599000
1601.915469	6.104573E-5	-0.400000	318.597000
1602.090100	5.322074E-5	-0.360000	318.597000
1602.263840	4.593557E-5	-0.320000	318.596000
1602.441362	3.919851E-5	-0.280000	318.597000
1602.612989	3.281995E-5	-0.240000	318.594000
1602.787478	2.681552E-5	-0.200000	318.590000
1602.961192	2.113115E-5	-0.160000	318.588000
1603.138077	1.568064E-5	-0.120000	318.589000
1603.311400	1.039649E-5	-0.080000	318.587000
1603.484821	5.202841E-6	-0.040000	318.583000
1603.740482	3.234187E-9	0.000000	318.580000
1604.984558	5.346913E-6	0.040000	318.574000
1605.282614	1.091884E-5	0.080000	318.574000
1605.573257	1.683649E-5	0.120000	318.570000
1605.748979	2.318205E-5	0.160000	318.572000
1605.938211	3.011915E-5	0.200000	318.573000
1606.111380	3.783698E-5	0.240000	318.569000
1606.286319	4.678156E-5	0.280000	318.566000
1606.461244	5.776623E-5	0.320000	318.565000
1606.639030	7.226544E-5	0.360000	318.565000
1606.813241	9.288827E-5	0.400000	318.564000
1606.988487	1.243946E-4	0.440000	318.561000
1607.217330	1.718532E-4	0.480000	318.561000
1607.391206	2.434581E-4	0.520000	318.559000
1607.567617	3.481950E-4	0.560000	318.557000
1607.740938	4.961570E-4	0.600000	318.558000
1607.915588	6.985556E-4	0.640000	318.558000
1608.089799	9.725727E-4	0.680000	318.555000
1608.266273	1.000008E-3	0.720000	318.552000
1608.440659	1.000009E-3	0.760000	318.550000
1608.616583	1.000008E-3	0.800000	318.547000
1608.790320	1.000004E-3	0.840000	318.548000
1608.965186	1.000006E-3	0.880000	318.549000
1609.139906	1.000007E-3	0.920000	318.547000
1609.313765	1.000007E-3	0.960000	318.547000
1609.485973	1.000009E-3	1.000000	318.545000
1609.660691	1.000006E-3	1.040000	318.544000
1609.841329	1.000005E-3	1.080000	318.544000
1610.015599	1.000004E-3	1.120000	318.541000
1610.189883	1.000003E-3	1.160000	318.539000
1610.366173	1.000005E-3	1.200000	318.537000
1610.540671	1.000002E-3	1.240000	318.538000
1610.714406	1.000006E-3	1.280000	318.532000
1610.890053	1.000006E-3	1.320000	318.536000
1611.064705	1.000004E-3	1.360000	318.533000
1611.241292	1.000005E-3	1.400000	318.532000
1611.414103	1.000003E-3	1.440000	318.534000
1611.588410	1.000004E-3	1.480000	318.524000
1611.763948	1.000005E-3	1.520000	318.529000
1611.940674	1.000002E-3	1.560000	318.526000
1612.114178	1.000004E-3	1.600000	318.526000
1612.291689	1.000005E-3	1.640000	318.525000
1612.466305	1.000003E-3	1.680000	318.522000
1612.640605	1.000004E-3	1.720000	318.523000
1612.814808	1.000005E-3	1.760000	318.525000
1612.989092	1.000004E-3	1.800000	318.521000
1613.163309	1.000005E-3	1.840000	318.518000
1613.339530	1.000004E-3	1.880000	318.518000
1613.514353	1.000002E-3	1.920000	318.518000
1613.688644	1.000003E-3	1.960000	318.513000
1613.862539	1.000004E-3	2.000000	318.514000
1614.039633	9.999999E-4	1.960000	318.514000
1614.213351	1.000005E-3	1.920000	318.514000
1614.389070	1.000003E-3	1.880000	318.510000
1614.562715	1.000005E-3	1.840000	318.507000
1614.740537	1.000004E-3	1.800000	318.509000
1614.915621	1.000004E-3	1.760000	318.496000
1615.089355	1.000003E-3	1.720000	318.508000
1615.263789	1.000003E-3	1.680000	318.504000
1615.440460	1.000003E-3	1.640000	318.503000
1615.614801	1.000004E-3	1.600000	318.502000
1615.788614	1.000004E-3	1.560000	318.502000
1615.962388	1.000005E-3	1.520000	318.498000
1616.140974	1.000004E-3	1.480000	318.499000
1616.316825	1.000002E-3	1.440000	318.498000
1616.493600	1.000004E-3	1.400000	318.494000
1616.667853	1.000006E-3	1.360000	318.494000
1616.843105	1.000004E-3	1.320000	318.492000
1617.015940	1.000004E-3	1.280000	318.494000
1617.196763	1.000003E-3	1.240000	318.489000
1617.373582	1.000003E-3	1.200000	318.488000
1617.547287	1.000004E-3	1.160000	318.490000
1617.740694	1.000004E-3	1.120000	318.486000
1617.914868	1.000005E-3	1.080000	318.486000
1618.089530	1.000005E-3	1.040000	318.485000
1618.263829	1.000005E-3	1.000000	318.483000
1618.440553	1.000004E-3	0.960000	318.484000
1618.614646	1.000006E-3	0.920000	318.482000
1618.789415	1.000006E-3	0.880000	318.474000
1618.963819	1.000005E-3	0.840000	318.480000
1619.140334	1.000004E-3	0.800000	318.476000
1619.314610	1.000006E-3	0.760000	318.476000
1619.488407	1.000005E-3	0.720000	318.476000
1619.663805	1.000006E-3	0.680000	318.475000
1619.840702	1.000005E-3	0.640000	318.475000
1620.014461	7.975468E-4	0.600000	318.474000
1620.202084	6.110686E-4	0.560000	318.471000
1620.378385	4.595917E-4	0.520000	318.472000
1620.552569	3.404890E-4	0.480000	318.468000
1620.739082	2.493467E-4	0.440000	318.469000
1620.912766	1.816223E-4	0.400000	318.462000
1621.087009	1.323705E-4	0.360000	318.463000
1621.259267	9.660968E-5	0.320000	318.466000
1621.492587	7.108170E-5	0.280000	318.462000
1621.664809	5.242412E-5	0.240000	318.463000
1621.842058	3.852920E-5	0.200000	318.461000
1622.015816	2.784315E-5	0.160000	318.460000
1622.190013	1.925394E-5	0.120000	318.463000
1622.363756	1.207422E-5	0.080000	318.460000
1622.540881	5.780164E-6	0.040000	318.458000
1622.778258	3.776484E-9	0.000000	318.447000
1624.039674	5.497933E-6	-0.040000	318.447000
1624.341469	1.101843E-5	-0.080000	318.441000
1624.640802	1.680694E-5	-0.120000	318.447000
1624.815458	2.298738E-5	-0.160000	318.439000
1624.988578	2.970789E-5	-0.200000	318.443000
1625.162877	3.706168E-5	-0.240000	318.440000
1625.339640	4.518965E-5	-0.280000	318.438000
1625.513941	5.424093E-5	-0.320000	318.434000
1625.688169	6.431468E-5	-0.360000	318.435000
1625.859329	7.543339E-5	-0.400000	318.432000
1626.040056	8.779160E-5	-0.440000	318.434000
1626.213781	1.015657E-4	-0.480000	318.431000
1626.391316	1.163914E-4	-0.520000	318.426000
1626.640391	1.330905E-4	-0.560000	318.430000
1626.818466	1.524194E-4	-0.600000	318.428000
1626.992254	1.741848E-4	-0.640000	318.428000
1627.167460	1.991865E-4	-0.680000	318.427000
1627.344615	2.283915E-4	-0.720000	318.413000
1627.539300	2.625483E-4	-0.760000	318.422000
1627.717088	3.063876E-4	-0.800000	318.421000
1627.894194	3.662261E-4	-0.840000	318.422000
1628.066469	4.594921E-4	-0.880000	318.417000
1628.240058	6.715023E-4	-0.920000	318.416000
1628.417304	1.000008E-3	-0.960000	318.418000
1628.593523	1.000009E-3	-1.000000	318.416000
1628.765932	1.000006E-3	-1.040000	318.416000
1628.942430	1.000007E-3	-1.080000	318.416000
1629.117266	1.000007E-3	-1.120000	318.413000
1629.292040	1.000007E-3	-1.160000	318.411000
1629.466283	1.000006E-3	-1.200000	318.410000
1629.642457	1.000008E-3	-1.240000	318.408000
1629.816902	1.000007E-3	-1.280000	318.406000
1629.995563	1.000006E-3	-1.320000	318.404000
1630.169245	1.000007E-3	-1.360000	318.403000
1630.345427	1.000006E-3	-1.400000	318.406000
1630.519297	1.000007E-3	-1.440000	318.403000
1630.692993	1.000007E-3	-1.480000	318.402000
1630.868834	1.000009E-3	-1.520000	318.399000
1631.044105	1.000005E-3	-1.560000	318.399000
1631.217838	1.000007E-3	-1.600000	318.397000
1631.392696	1.000008E-3	-1.640000	318.401000
1631.564916	1.000006E-3	-1.680000	318.395000
1631.741018	1.000006E-3	-1.720000	318.391000
1631.918735	1.000007E-3	-1.760000	318.395000
1632.091995	1.000007E-3	-1.800000	318.390000
1632.266155	1.000007E-3	-1.840000	318.390000
1632.444021	1.000006E-3	-1.880000	318.391000
1632.618660	1.000006E-3	-1.920000	318.388000
1632.792428	1.000006E-3	-1.960000	318.386000
1632.968725	1.000006E-3	-2.000000	318.386000
1993.143313	1.000006E-3	-1.960000	316.974000
1993.319989	1.000006E-3	-1.920000	316.972000
1993.497705	1.000006E-3	-1.880000	316.977000
1993.673211	1.000008E-3	-1.840000	316.973000
1993.861980	1.000007E-3	-1.800000	316.972000
1994.040229	1.000007E-3	-1.760000	316.979000
1994.214553	1.000006E-3	-1.720000	316.975000
1994.387843	1.000007E-3	-1.680000	316.979000
1994.562087	1.000006E-3	-1.640000	316.976000
1994.737418	1.000008E-3	-1.600000	316.981000
1994.911320	1.000007E-3	-1.560000	316.981000
1995.083633	1.000008E-3	-1.520000	316.981000
1995.262891	1.000008E-3	-1.480000	316.981000
1995.439155	1.000007E-3	-1.440000	316.980000
1995.617457	1.000008E-3	-1.400000	316.982000
1995.789870	1.000007E-3	-1.360000	316.983000
1995.965209	1.000007E-3	-1.320000	316.987000
1996.161030	1.000007E-3	-1.280000	316.984000
1996.334862	1.000008E-3	-1.240000	316.981000
1996.510685	1.000008E-3	-1.200000	316.986000
1996.689398	1.000008E-3	-1.160000	316.988000
1996.862334	1.000008E-3	-1.120000	316.988000
1997.036193	1.000007E-3	-1.080000	316.982000
1997.213431	1.000008E-3	-1.040000	316.990000
1997.387165	1.000008E-3	-1.000000	316.991000
1997.561379	1.000007E-3	-0.960000	316.990000
1997.737086	5.194256E-4	-0.920000	316.991000
1997.911536	3.422874E-4	-0.880000	316.990000
1998.087413	2.678507E-4	-0.840000	316.998000
1998.262817	2.218571E-4	-0.800000	316.994000
1998.437031	1.888703E-4	-0.760000	316.993000
1998.611713	1.634410E-4	-0.720000	316.995000
1998.787952	1.430118E-4	-0.680000	316.994000
1998.962240	1.259969E-4	-0.640000	316.994000
1999.134602	1.113591E-4	-0.600000	316.997000
1999.307593	9.867056E-5	-0.560000	316.997000
1999.539789	8.744637E-5	-0.520000	316.998000
1999.715420	7.736049E-5	-0.480000	317.000000
1999.890367	6.819281E-5	-0.440000	317.002000
2000.064462	5.991038E-5	-0.400000	317.000000
2000.239619	5.220163E-5	-0.360000	317.001000
2000.412344	4.510281E-5	-0.320000	317.000000
2000.584137	3.848434E-5	-0.280000	317.000000
2000.760842	3.221443E-5	-0.240000	317.001000
2000.934847	2.630262E-5	-0.200000	317.007000
2001.109338	2.071497E-5	-0.160000	317.001000
2001.284645	1.537307E-5	-0.120000	317.002000
2001.461942	1.018400E-5	-0.080000	317.002000
2001.636613	5.099487E-6	-0.040000	317.000000
2001.872588	3.443519E-9	0.000000	317.004000
2003.118244	5.228014E-6	0.040000	317.005000
2003.419914	1.067148E-5	0.080000	317.006000
2003.713879	1.647763E-5	0.120000	317.009000
2003.890094	2.268869E-5	0.160000	317.006000
2004.062242	2.945203E-5	0.200000	317.009000
2004.235977	3.693710E-5	0.240000	317.008000
2004.413621	4.558226E-5	0.280000	317.007000
2004.587401	5.611840E-5	0.320000	317.013000
2004.764485	6.988730E-5	0.360000	317.010000
2004.938559	8.924097E-5	0.400000	317.008000
2005.112386	1.189534E-4	0.440000	317.007000
2005.340349	1.634264E-4	0.480000	317.011000
2005.514163	2.306493E-4	0.520000	317.010000
2005.689389	3.299416E-4	0.560000	317.013000
2005.863068	4.711698E-4	0.600000	317.010000
2006.034215	6.665955E-4	0.640000	317.012000
2006.209963	9.302415E-4	0.680000	317.010000
2006.383746	1.000006E-3	0.720000	317.010000
2006.563469	1.000006E-3	0.760000	317.010000
2006.737188	1.000004E-3	0.800000	317.013000
2006.911956	1.000005E-3	0.840000	317.008000
2007.086250	1.000004E-3	0.880000	317.012000
2007.263515	1.000004E-3	0.920000	317.013000
2007.437288	1.000005E-3	0.960000	317.010000
2007.612659	1.000005E-3	1.000000	317.011000
2007.787897	1.000005E-3	1.040000	317.009000
2007.962315	1.000004E-3	1.080000	317.010000
2008.136174	1.000006E-3	1.120000	317.013000
2008.310996	1.000005E-3	1.160000	317.009000
2008.484070	1.000005E-3	1.200000	317.013000
2008.664962	1.000005E-3	1.240000	317.012000
2008.838230	1.000005E-3	1.280000	317.010000
2009.012350	1.000005E-3	1.320000	317.012000
2009.186598	1.000004E-3	1.360000	317.014000
2009.363649	1.000003E-3	1.400000	317.013000
2009.539062	1.000003E-3	1.440000	317.014000
2009.713283	1.000004E-3	1.480000	317.011000
2009.888411	1.000004E-3	1.520000	317.011000
2010.065647	1.000003E-3	1.560000	317.012000
2010.240949	1.000003E-3	1.600000	317.011000
2010.414130	1.000004E-3	1.640000	317.011000
2010.588910	1.000002E-3	1.680000	317.011000
2010.763586	1.000003E-3	1.720000	317.014000
2010.936853	1.000003E-3	1.760000	317.013000
2011.112562	1.000003E-3	1.800000	317.012000
2011.285295	1.000003E-3	1.840000	317.009000
2011.462615	1.000004E-3	1.880000	317.008000
2011.636959	1.000004E-3	1.920000	317.013000
2011.810199	1.000004E-3	1.960000	317.014000
2011.984440	1.000004E-3	2.000000	317.009000
2012.164921	1.000003E-3	1.960000	317.012000
2012.339583	1.000003E-3	1.920000	317.008000
2012.513610	1.000004E-3	1.880000	317.012000
2012.695762	1.000004E-3	1.840000	317.010000
2012.874165	1.000002E-3	1.800000	317.012000
2013.064780	1.000003E-3	1.760000	317.011000
2013.240074	1.000003E-3	1.720000	317.009000
2013.414456	1.000002E-3	1.680000	317.011000
2013.587315	1.000003E-3	1.640000	317.010000
2013.763589	1.000003E-3	1.600000	317.012000
2013.938766	1.000004E-3	1.560000	317.015000
2014.117210	1.000003E-3	1.520000	317.014000
2014.292879	1.000004E-3	1.480000	317.014000
2014.471152	1.000004E-3	1.440000	317.010000
2014.662724	1.000005E-3	1.400000	317.013000
2014.838878	1.000003E-3	1.360000	317.014000
2015.012827	1.000005E-3	1.320000	317.012000
2015.187470	1.000002E-3	1.280000	317.015000
2015.364211	1.000004E-3	1.240000	317.016000
2015.536867	1.000005E-3	1.200000	317.009000
2015.713067	1.000003E-3	1.160000	317.011000
2015.887336	1.000004E-3	1.120000	317.011000
2016.063396	1.000004E-3	1.080000	317.008000
2016.241623	1.000006E-3	1.040000	317.011000
2016.415732	1.000006E-3	1.000000	317.008000
2016.590024	1.000007E-3	0.960000	317.009000
2016.765095	1.000006E-3	0.920000	317.010000
2016.938591	1.000005E-3	0.880000	317.010000
2017.113052	1.000006E-3	0.840000	317.011000
2017.287713	1.000003E-3	0.800000	317.011000
2017.463513	1.000004E-3	0.760000	317.009000
2017.638215	1.000006E-3	0.720000	317.012000
2017.810877	1.000006E-3	0.680000	317.011000
2017.984933	1.000006E-3	0.640000	317.012000
2018.164869	8.302424E-4	0.600000	317.011000
2018.339159	6.376611E-4	0.560000	317.009000
2018.512885	4.809481E-4	0.520000	317.005000
2018.688180	3.568377E-4	0.480000	317.011000
2018.866364	2.612697E-4	0.440000	317.008000
2019.040082	1.899371E-4	0.400000	317.009000
2019.215292	1.377815E-4	0.360000	317.008000
2019.388293	1.001726E-4	0.320000	317.009000
2019.564161	7.280885E-5	0.280000	317.006000
2019.796426	5.326455E-5	0.240000	317.008000
2019.969260	3.881550E-5	0.200000	317.007000
2020.141846	2.782296E-5	0.160000	317.006000
2020.316331	1.912750E-5	0.120000	317.006000
2020.488775	1.194850E-5	0.080000	317.010000
2020.663253	5.704234E-6	0.040000	317.001000
2020.900297	3.396315E-9	0.000000	317.006000
2022.142314	5.404433E-6	-0.040000	317.003000
2022.441747	1.083110E-5	-0.080000	317.006000
2022.732615	1.653795E-5	-0.120000	317.006000
2022.906919	2.265394E-5	-0.160000	317.003000
2023.081355	2.933433E-5	-0.200000	317.005000
2023.263750	3.667042E-5	-0.240000	317.005000
2023.439049	4.483500E-5	-0.280000	317.002000
2023.614268	5.391961E-5	-0.320000	317.003000
2023.788534	6.394905E-5	-0.360000	317.003000
2023.964792	7.508729E-5	-0.400000	317.003000
2024.139011	8.752896E-5	-0.440000	317.002000
2024.313359	1.013154E-4	-0.480000	317.004000
2024.489690	1.161242E-4	-0.520000	317.005000
2024.721479	1.332803E-4	-0.560000	317.003000
2024.894241	1.526687E-4	-0.600000	317.000000
2025.067930	1.743758E-4	-0.640000	317.003000
2025.242400	1.993591E-4	-0.680000	317.004000
2025.418715	2.280814E-4	-0.720000	317.005000
2025.593408	2.623011E-4	-0.760000	317.006000
2025.769754	3.053220E-4	-0.800000	317.003000
2025.962701	3.600332E-4	-0.840000	317.002000
2026.138834	4.496858E-4	-0.880000	317.002000
2026.311553	6.414306E-4	-0.920000	317.003000
2026.487825	1.000009E-3	-0.960000	317.002000
2026.665272	1.000008E-3	-1.000000	317.004000
2026.839489	1.000008E-3	-1.040000	316.999000
2027.012283	1.000008E-3	-1.080000	317.002000
2027.186675	1.000008E-3	-1.120000	317.003000
2027.363415	1.000007E-3	-1.160000	317.003000
2027.537107	1.000007E-3	-1.200000	316.999000
2027.711349	1.000009E-3	-1.240000	316.997000
2027.885350	1.000007E-3	-1.280000	316.999000
2028.065079	1.000007E-3	-1.320000	316.999000
2028.261343	1.000006E-3	-1.360000	317.004000
2028.438017	1.000007E-3	-1.400000	317.000000
2028.615722	1.000006E-3	-1.440000	317.001000
2028.789546	1.000007E-3	-1.480000	316.998000
2028.968015	1.000007E-3	-1.520000	316.997000
2029.142573	1.000006E-3	-1.560000	317.000000
2029.317517	1.000006E-3	-1.600000	317.001000
2029.493333	1.000006E-3	-1.640000	316.998000
2029.667441	1.000006E-3	-1.680000	317.000000
2029.840620	1.000006E-3	-1.720000	317.001000
2030.016802	1.000007E-3	-1.760000	316.999000
2030.193918	1.000007E-3	-1.800000	317.002000
2030.370306	1.000006E-3	-1.840000	317.005000
2030.543092	1.000005E-3	-1.880000	316.998000
2030.717745	1.000006E-3	-1.920000	316.994000
2030.890899	1.000005E-3	-1.960000	316.998000
2031.065219	1.000005E-3	-2.000000	317.001000
2391.241722	1.000006E-3	-1.960000	315.458000
2391.418501	1.000006E-3	-1.920000	315.458000
2391.594863	1.000006E-3	-1.880000	315.456000
2391.784545	1.000008E-3	-1.840000	315.456000
2391.959267	1.000006E-3	-1.800000	315.457000
2392.134152	1.000006E-3	-1.760000	315.457000
2392.308290	1.000006E-3	-1.720000	315.456000
2392.487433	1.000007E-3	-1.680000	315.456000
2392.661146	1.000007E-3	-1.640000	315.450000
2392.835124	1.000005E-3	-1.600000	315.451000
2393.009714	1.000006E-3	-1.560000	315.448000
2393.184163	1.000008E-3	-1.520000	315.449000
2393.357919	1.000006E-3	-1.480000	315.447000
2393.531685	1.000007E-3	-1.440000	315.446000
2393.708756	1.000007E-3	-1.400000	315.445000
2393.885926	1.000007E-3	-1.360000	315.448000
2394.061544	1.000007E-3	-1.320000	315.444000
2394.236005	1.000005E-3	-1.280000	315.442000
2394.413344	1.000007E-3	-1.240000	315.440000
2394.588401	1.000006E-3	-1.200000	315.440000
2394.784625	1.000007E-3	-1.160000	315.438000
2394.960687	1.000006E-3	-1.120000	315.442000
2395.133878	1.000007E-3	-1.080000	315.440000
2395.311748	1.000008E-3	-1.040000	315.439000
2395.485989	1.000007E-3	-1.000000	315.436000
2395.662645	1.000007E-3	-0.960000	315.434000
2395.839670	4.851599E-4	-0.920000	315.433000
2396.012814	3.289352E-4	-0.880000	315.437000
2396.187613	2.595672E-4	-0.840000	315.434000
2396.359919	2.154122E-4	-0.800000	315.430000
2396.531586	1.839082E-4	-0.760000	315.433000
2396.707749	1.595407E-4	-0.720000	315.430000
2396.886381	1.396339E-4	-0.680000	315.430000
2397.061059	1.230107E-4	-0.640000	315.426000
2397.235223	1.088104E-4	-0.600000	315.427000
2397.410407	9.645252E-5	-0.560000	315.428000
2397.642665	8.543300E-5	-0.520000	315.426000
2397.816341	7.563284E-5	-0.480000	315.425000
2397.988168	6.670417E-5	-0.440000	315.422000
2398.163477	5.859506E-5	-0.400000	315.420000
2398.337395	5.105780E-5	-0.360000	315.423000
2398.509689	4.406625E-5	-0.320000	315.420000
2398.686785	3.758635E-5	-0.280000	315.419000
2398.857463	3.145512E-5	-0.240000	315.422000
2399.029694	2.571704E-5	-0.200000	315.420000
2399.203948	2.023453E-5	-0.160000	315.417000
2399.384393	1.500243E-5	-0.120000	315.415000
2399.558061	9.943862E-6	-0.080000	315.416000
2399.798711	4.977932E-6	-0.040000	315.416000
2399.985413	3.101089E-9	0.000000	315.407000
2401.228572	5.112038E-6	0.040000	315.406000
2401.527834	1.044455E-5	0.080000	315.405000
2401.817523	1.612479E-5	0.120000	315.403000
2401.991162	2.219812E-5	0.160000	315.399000
2402.184414	2.880648E-5	0.200000	315.398000
2402.358650	3.605724E-5	0.240000	315.403000
2402.533890	4.440731E-5	0.280000	315.402000
2402.706083	5.451996E-5	0.320000	315.399000
2402.886240	6.757921E-5	0.360000	315.402000
2403.063385	8.574793E-5	0.400000	315.398000
2403.240731	1.138788E-4	0.440000	315.396000
2403.487597	1.561318E-4	0.480000	315.394000
2403.664289	2.191911E-4	0.520000	315.396000
2403.838612	3.129606E-4	0.560000	315.395000
2404.012809	4.471289E-4	0.600000	315.391000
2404.185767	6.333969E-4	0.640000	315.388000
2404.360901	8.861502E-4	0.680000	315.387000
2404.533689	1.000008E-3	0.720000	315.390000
2404.707289	1.000006E-3	0.760000	315.390000
2404.885509	1.000006E-3	0.800000	315.391000
2405.060692	1.000006E-3	0.840000	315.388000
2405.234338	1.000006E-3	0.880000	315.383000
2405.409118	1.000006E-3	0.920000	315.385000
2405.586383	1.000005E-3	0.960000	315.385000
2405.760838	1.000004E-3	1.000000	315.383000
2405.934388	1.000005E-3	1.040000	315.379000
2406.110039	1.000004E-3	1.080000	315.380000
2406.312855	1.000006E-3	1.120000	315.376000
2406.489863	1.000006E-3	1.160000	315.378000
2406.663471	1.000004E-3	1.200000	315.377000
2406.838170	1.000005E-3	1.240000	315.380000
2407.023479	1.000004E-3	1.280000	315.378000
2407.200321	1.000004E-3	1.320000	315.374000
2407.386465	1.000004E-3	1.360000	315.374000
2407.563781	1.000004E-3	1.400000	315.375000
2407.741948	1.000004E-3	1.440000	315.371000
2407.915078	1.000004E-3	1.480000	315.370000
2408.091207	1.000005E-3	1.520000	315.369000
2408.285144	1.000002E-3	1.560000	315.369000
2408.461296	1.000004E-3	1.600000	315.371000
2408.635531	1.000004E-3	1.640000	315.366000
2408.809612	1.000004E-3	1.680000	315.368000
2408.987231	1.000004E-3	1.720000	315.368000
2409.161526	1.000004E-3	1.760000	315.363000
2409.335454	1.000004E-3	1.800000	315.361000
2409.509686	1.000005E-3	1.840000	315.364000
2409.686387	1.000002E-3	1.880000	315.363000
2409.863520	1.000003E-3	1.920000	315.360000
2410.037579	1.000003E-3	1.960000	315.361000
2410.212353	1.000004E-3	2.000000	315.359000
2410.389034	1.000002E-3	1.960000	315.357000
2410.563391	1.000003E-3	1.920000	315.356000
2410.737578	1.000003E-3	1.880000	315.358000
2410.912251	1.000004E-3	1.840000	315.355000
2411.085950	1.000004E-3	1.800000	315.355000
2411.259706	1.000004E-3	1.760000	315.355000
2411.433554	1.000003E-3	1.720000	315.353000
2411.607670	1.000003E-3	1.680000	315.352000
2411.784733	1.000004E-3	1.640000	315.350000
2411.961836	1.000005E-3	1.600000	315.349000
2412.135934	1.000003E-3	1.560000	315.347000
2412.309738	1.000005E-3	1.520000	315.347000
2412.486399	1.000003E-3	1.480000	315.348000
2412.660705	1.000004E-3	1.440000	315.350000
2412.834939	1.000004E-3	1.400000	315.344000
2413.007777	1.000002E-3	1.360000	315.346000
2413.184366	1.000003E-3	1.320000	315.345000
2413.359548	1.000004E-3	1.280000	315.344000
2413.534260	1.000005E-3	1.240000	315.343000
2413.708346	1.000004E-3	1.200000	315.342000
2413.887698	1.000004E-3	1.160000	315.344000
2414.061394	1.000004E-3	1.120000	315.340000
2414.235570	1.000006E-3	1.080000	315.335000
2414.409851	1.000004E-3	1.040000	315.338000
2414.586623	1.000004E-3	1.000000	315.339000
2414.759903	1.000004E-3	0.960000	315.334000
2414.935300	1.000006E-3	0.920000	315.340000
2415.107671	1.000004E-3	0.880000	315.333000
2415.287924	1.000005E-3	0.840000	315.330000
2415.461197	1.000004E-3	0.800000	315.335000
2415.635414	1.000007E-3	0.760000	315.332000
2415.809665	1.000007E-3	0.720000	315.330000
2415.987224	1.000006E-3	0.680000	315.333000
2416.161150	1.000007E-3	0.640000	315.326000
2416.336313	8.486465E-4	0.600000	315.328000
2416.509779	6.534441E-4	0.560000	315.327000
2416.686891	4.937013E-4	0.520000	315.327000
2416.860121	3.667684E-4	0.480000	315.325000
2417.032467	2.687934E-4	0.440000	315.326000
2417.206192	1.952397E-4	0.400000	315.325000
2417.386909	1.411377E-4	0.360000	315.316000
2417.559700	1.021320E-4	0.320000	315.322000
2417.733900	7.380557E-5	0.280000	315.320000
2417.965575	5.358624E-5	0.240000	315.320000
2418.142109	3.880681E-5	0.200000	315.320000
2418.316507	2.763924E-5	0.160000	315.318000
2418.490303	1.891967E-5	0.120000	315.320000
2418.665305	1.177647E-5	0.080000	315.316000
2418.841466	5.602717E-6	0.040000	315.317000
2419.086910	3.467204E-9	0.000000	315.308000
2420.333628	5.290026E-6	-0.040000	315.306000
2420.631978	1.059942E-5	-0.080000	315.304000
2420.923328	1.621050E-5	-0.120000	315.302000
2421.097057	2.222510E-5	-0.160000	315.306000
2421.286737	2.881554E-5	-0.200000	315.302000
2421.461476	3.609546E-5	-0.240000	315.299000
2421.637366	4.416105E-5	-0.280000	315.300000
2421.809078	5.318805E-5	-0.320000	315.288000
2421.987442	6.318550E-5	-0.360000	315.295000
2422.161097	7.433292E-5	-0.400000	315.294000
2422.339298	8.681701E-5	-0.440000	315.297000
2422.513458	1.005683E-4	-0.480000	315.297000
2422.687792	1.152118E-4	-0.520000	315.294000
2422.922021	1.321941E-4	-0.560000	315.295000
2423.099857	1.514068E-4	-0.600000	315.290000
2423.285723	1.724181E-4	-0.640000	315.290000
2423.458969	1.966705E-4	-0.680000	315.294000
2423.637856	2.249288E-4	-0.720000	315.286000
2423.814679	2.583706E-4	-0.760000	315.290000
2423.988271	2.996160E-4	-0.800000	315.288000
2424.164493	3.543902E-4	-0.840000	315.286000
2424.338313	4.362084E-4	-0.880000	315.288000
2424.512621	6.051674E-4	-0.920000	315.283000
2424.688346	1.000009E-3	-0.960000	315.281000
2424.862098	1.000009E-3	-1.000000	315.281000
2425.041807	1.000009E-3	-1.040000	315.281000
2425.216434	1.000008E-3	-1.080000	315.280000
2425.391682	1.000008E-3	-1.120000	315.276000
2425.565063	1.000007E-3	-1.160000	315.284000
2425.739049	1.000007E-3	-1.200000	315.278000
2425.914178	1.000007E-3	-1.240000	315.282000
2426.088255	1.000007E-3	-1.280000	315.279000
2426.262990	1.000006E-3	-1.320000	315.281000
2426.437132	1.000006E-3	-1.360000	315.274000
2426.614841	1.000006E-3	-1.400000	315.271000
2426.790681	1.000006E-3	-1.440000	315.273000
2426.963269	1.000006E-3	-1.480000	315.274000
2427.144055	1.000007E-3	-1.520000	315.272000
2427.322850	1.000005E-3	-1.560000	315.272000
2427.495504	1.000007E-3	-1.600000	315.268000
2427.687538	1.000006E-3	-1.640000	315.271000
2427.864476	1.000006E-3	-1.680000	315.273000
2428.038207	1.000006E-3	-1.720000	315.268000
2428.213466	1.000007E-3	-1.760000	315.264000
2428.387178	1.000005E-3	-1.800000	315.266000
2428.561329	1.000007E-3	-1.840000	315.263000
2428.738713	1.000006E-3	-1.880000	315.265000
2428.913745	1.000005E-3	-1.920000	315.266000
2429.089003	1.000005E-3	-1.960000	315.264000
2429.263098	1.000006E-3	-2.000000	315.264000
2789.437546	1.000006E-3	-1.960000	314.006000
2789.612561	1.000006E-3	-1.920000	314.002000
2789.806689	1.000007E-3	-1.880000	314.006000
2789.983879	1.000006E-3	-1.840000	314.002000
2790.158542	1.000006E-3	-1.800000	314.008000
2790.332285	1.000007E-3	-1.760000	314.007000
2790.509474	1.000007E-3	-1.720000	314.009000
2790.685205	1.000006E-3	-1.680000	314.006000
2790.859440	1.000006E-3	-1.640000	314.007000
2791.033511	1.000008E-3	-1.600000	314.006000
2791.207151	1.000006E-3	-1.560000	314.007000
2791.382399	1.000007E-3	-1.520000	314.007000
2791.556658	1.000006E-3	-1.480000	314.007000
2791.730329	1.000007E-3	-1.440000	314.006000
2791.910025	1.000006E-3	-1.400000	314.007000
2792.084335	1.000007E-3	-1.360000	314.005000
2792.257843	1.000006E-3	-1.320000	314.009000
2792.432425	1.000008E-3	-1.280000	314.008000
2792.609536	1.000007E-3	-1.240000	314.007000
2792.784670	1.000005E-3	-1.200000	314.009000
2792.960797	1.000007E-3	-1.160000	314.008000
2793.135556	1.000007E-3	-1.120000	314.008000
2793.309803	1.000008E-3	-1.080000	314.011000
2793.486654	1.000007E-3	-1.040000	314.006000
2793.662546	1.000008E-3	-1.000000	314.009000
2793.837152	1.000007E-3	-0.960000	314.012000
2794.011030	4.452046E-4	-0.920000	314.010000
2794.185290	3.122642E-4	-0.880000	314.010000
2794.358926	2.483982E-4	-0.840000	314.010000
2794.534142	2.074334E-4	-0.800000	314.009000
2794.708390	1.774972E-4	-0.760000	314.009000
2794.879660	1.542849E-4	-0.720000	314.010000
2795.052207	1.353054E-4	-0.680000	314.009000
2795.223454	1.193877E-4	-0.640000	314.009000
2795.409171	1.056347E-4	-0.600000	314.009000
2795.582915	9.367351E-5	-0.560000	314.011000
2795.816656	8.300503E-5	-0.520000	314.009000
2796.009846	7.343213E-5	-0.480000	314.012000
2796.182950	6.479079E-5	-0.440000	314.009000
2796.358710	5.688750E-5	-0.400000	314.008000
2796.535751	4.954523E-5	-0.360000	314.011000
2796.708636	4.281213E-5	-0.320000	314.010000
2796.880827	3.650873E-5	-0.280000	314.011000
2797.053544	3.059368E-5	-0.240000	314.011000
2797.230783	2.498778E-5	-0.200000	314.009000
2797.410495	1.967434E-5	-0.160000	314.011000
2797.606566	1.457593E-5	-0.120000	314.013000
2797.780193	9.678637E-6	-0.080000	314.011000
2798.020110	4.841421E-6	-0.040000	314.012000
2798.208248	2.526649E-9	0.000000	314.013000
2799.452507	4.975559E-6	0.040000	314.011000
2799.749634	1.017776E-5	0.080000	314.009000
2799.925358	1.568453E-5	0.120000	314.010000
2800.215691	2.159455E-5	0.160000	314.008000
2800.405437	2.801949E-5	0.200000	314.011000
2800.578696	3.510719E-5	0.240000	314.010000
2800.753651	4.311874E-5	0.280000	314.011000
2800.926942	5.269592E-5	0.320000	314.012000
2801.111209	6.500377E-5	0.360000	314.009000
2801.285932	8.189053E-5	0.400000	314.010000
2801.462311	1.078936E-4	0.440000	314.012000
2801.708884	1.464893E-4	0.480000	314.008000
2801.885302	2.046322E-4	0.520000	314.012000
2802.060050	2.915359E-4	0.560000	314.006000
2802.236857	4.169415E-4	0.600000	314.010000
2802.411475	5.919032E-4	0.640000	314.010000
2802.585411	8.301241E-4	0.680000	314.010000
2802.758687	1.000006E-3	0.720000	314.008000
2802.932431	1.000006E-3	0.760000	314.008000
2803.108217	1.000006E-3	0.800000	314.006000
2803.283446	1.000006E-3	0.840000	314.007000
2803.456609	1.000005E-3	0.880000	314.006000
2803.630344	1.000006E-3	0.920000	314.006000
2803.809611	1.000006E-3	0.960000	314.006000
2803.984242	1.000006E-3	1.000000	314.002000
2804.157972	1.000005E-3	1.040000	314.007000
2804.331195	1.000005E-3	1.080000	314.002000
2804.508399	1.000004E-3	1.120000	313.998000
2804.681453	1.000005E-3	1.160000	314.002000
2804.856654	1.000006E-3	1.200000	314.001000
2805.031437	1.000005E-3	1.240000	313.999000
2805.211099	1.000004E-3	1.280000	313.998000
2805.385809	1.000004E-3	1.320000	313.996000
2805.563542	1.000004E-3	1.360000	313.994000
2805.738381	1.000004E-3	1.400000	313.997000
2805.911612	1.000003E-3	1.440000	313.994000
2806.085864	1.000005E-3	1.480000	313.993000
2806.259624	1.000003E-3	1.520000	313.990000
2806.433308	1.000004E-3	1.560000	313.992000
2806.610515	1.000004E-3	1.600000	313.989000
2806.784851	1.000000E-3	1.640000	313.988000
2806.958657	1.000003E-3	1.680000	313.988000
2807.132843	1.000004E-3	1.720000	313.985000
2807.309566	1.000003E-3	1.760000	313.983000
2807.483815	1.000004E-3	1.800000	313.983000
2807.658604	1.000001E-3	1.840000	313.981000
2807.833103	1.000002E-3	1.880000	313.978000
2808.009329	1.000004E-3	1.920000	313.977000
2808.182067	1.000003E-3	1.960000	313.981000
2808.356771	1.000003E-3	2.000000	313.978000
2808.530988	1.000003E-3	1.960000	313.975000
2808.709032	1.000004E-3	1.920000	313.973000
2808.883682	1.000002E-3	1.880000	313.973000
2809.058861	1.000004E-3	1.840000	313.972000
2809.232562	1.000003E-3	1.800000	313.973000
2809.409704	1.000002E-3	1.760000	313.972000
2809.588281	1.000003E-3	1.720000	313.968000
2809.760677	1.000004E-3	1.680000	313.970000
2809.934806	1.000002E-3	1.640000	313.966000
2810.112111	1.000003E-3	1.600000	313.963000
2810.286873	1.000001E-3	1.560000	313.963000
2810.460518	1.000003E-3	1.520000	313.965000
2810.634637	1.000005E-3	1.480000	313.961000
2810.808916	1.000002E-3	1.440000	313.959000
2810.982473	1.000004E-3	1.400000	313.962000
2811.157140	1.000004E-3	1.360000	313.956000
2811.332658	1.000003E-3	1.320000	313.958000
2811.510418	1.000005E-3	1.280000	313.955000
2811.685047	1.000005E-3	1.240000	313.960000
2811.858815	1.000005E-3	1.200000	313.953000
2812.032985	1.000004E-3	1.160000	313.953000
2812.210207	1.000003E-3	1.120000	313.954000
2812.386341	1.000007E-3	1.080000	313.952000
2812.559540	1.000004E-3	1.040000	313.950000
2812.733446	1.000006E-3	1.000000	313.947000
2812.909101	1.000006E-3	0.960000	313.947000
2813.084768	1.000005E-3	0.920000	313.942000
2813.258605	1.000005E-3	0.880000	313.943000
2813.434628	1.000003E-3	0.840000	313.942000
2813.610654	1.000006E-3	0.800000	313.941000
2813.784992	1.000006E-3	0.760000	313.938000
2813.959239	1.000007E-3	0.720000	313.935000
2814.133456	1.000007E-3	0.680000	313.939000
2814.310151	1.000004E-3	0.640000	313.935000
2814.484385	8.561985E-4	0.600000	313.934000
2814.656983	6.603835E-4	0.560000	313.937000
2814.831210	5.000661E-4	0.520000	313.932000
2815.009955	3.719576E-4	0.480000	313.930000
2815.184124	2.727075E-4	0.440000	313.930000
2815.357853	1.979776E-4	0.400000	313.934000
2815.529037	1.429523E-4	0.360000	313.927000
2815.711721	1.030236E-4	0.320000	313.930000
2815.886114	7.415528E-5	0.280000	313.924000
2816.122762	5.358745E-5	0.240000	313.924000
2816.308949	3.859602E-5	0.200000	313.924000
2816.483621	2.737190E-5	0.160000	313.923000
2816.657738	1.866860E-5	0.120000	313.920000
2816.832598	1.157863E-5	0.080000	313.921000
2817.009238	5.493974E-6	0.040000	313.920000
2817.245955	3.667988E-9	0.000000	313.913000
2818.510532	5.175629E-6	-0.040000	313.911000
2818.811456	1.037977E-5	-0.080000	313.907000
2819.108996	1.587108E-5	-0.120000	313.908000
2819.286736	2.177489E-5	-0.160000	313.906000
2819.459857	2.825092E-5	-0.200000	313.906000
2819.638011	3.544334E-5	-0.240000	313.900000
2819.812736	4.348906E-5	-0.280000	313.898000
2819.985107	5.234213E-5	-0.320000	313.900000
2820.162275	6.233485E-5	-0.360000	313.898000
2820.336476	7.342506E-5	-0.400000	313.899000
2820.511762	8.577698E-5	-0.440000	313.897000
2820.688427	9.942522E-5	-0.480000	313.896000
2820.866452	1.138954E-4	-0.520000	313.892000
2821.110248	1.304343E-4	-0.560000	313.894000
2821.287405	1.494466E-4	-0.600000	313.889000
2821.459154	1.705697E-4	-0.640000	313.886000
2821.637317	1.947185E-4	-0.680000	313.890000
2821.814611	2.222272E-4	-0.720000	313.889000
2821.989298	2.548331E-4	-0.760000	313.887000
2822.162142	2.940830E-4	-0.800000	313.888000
2822.339336	3.455866E-4	-0.840000	313.885000
2822.512097	4.222254E-4	-0.880000	313.886000
2822.684666	5.710804E-4	-0.920000	313.886000
2822.859838	1.000008E-3	-0.960000	313.881000
2823.034746	1.000008E-3	-1.000000	313.883000
2823.212012	1.000007E-3	-1.040000	313.882000
2823.389116	1.000007E-3	-1.080000	313.879000
2823.565162	1.000007E-3	-1.120000	313.877000
2823.739201	1.000007E-3	-1.160000	313.879000
2823.915982	1.000006E-3	-1.200000	313.875000
2824.109114	1.000006E-3	-1.240000	313.876000
2824.284415	1.000005E-3	-1.280000	313.876000
2824.462096	1.000006E-3	-1.320000	313.873000
2824.637007	1.000006E-3	-1.360000	313.873000
2824.814644	1.000006E-3	-1.400000	313.871000
2824.988458	1.000007E-3	-1.440000	313.873000
2825.162541	1.000006E-3	-1.480000	313.872000
2825.351416	1.000007E-3	-1.520000	313.874000
2825.529767	1.000006E-3	-1.560000	313.863000
2825.710336	1.000006E-3	-1.600000	313.865000
2825.887045	1.000006E-3	-1.640000	313.864000
2826.061583	1.000006E-3	-1.680000	313.865000
2826.236704	1.000004E-3	-1.720000	313.863000
2826.415416	1.000005E-3	-1.760000	313.862000
2826.589677	1.000007E-3	-1.800000	313.861000
2826.764699	1.000005E-3	-1.840000	313.860000
2826.942438	1.000006E-3	-1.880000	313.861000
2827.116370	1.000007E-3	-1.920000	313.857000
2827.309189	1.000004E-3	-1.960000	313.859000
2827.484417	1.000005E-3	-2.000000	313.854000
3187.652910	1.000005E-3	-1.960000	312.351000
3187.829569	1.000005E-3	-1.920000	312.350000
3188.021939	1.000006E-3	-1.880000	312.351000
3188.195741	1.000007E-3	-1.840000	312.348000
3188.368921	1.000005E-3	-1.800000	312.351000
3188.542626	1.000005E-3	-1.760000	312.348000
3188.724752	1.000006E-3	-1.720000	312.349000
3188.897948	1.000006E-3	-1.680000	312.348000
3189.072182	1.000006E-3	-1.640000	312.349000
3189.249786	1.000005E-3	-1.600000	312.346000
3189.423607	1.000006E-3	-1.560000	312.346000
3189.596899	1.000007E-3	-1.520000	312.348000
3189.771603	1.000006E-3	-1.480000	312.344000
3189.944495	1.000006E-3	-1.440000	312.342000
3190.126751	1.000005E-3	-1.400000	312.342000
3190.298806	1.000006E-3	-1.360000	312.342000
3190.473049	1.000006E-3	-1.320000	312.341000
3190.648776	1.000006E-3	-1.280000	312.340000
3190.824545	1.000007E-3	-1.240000	312.339000
3190.999900	1.000006E-3	-1.200000	312.338000
3191.177076	1.000005E-3	-1.160000	312.337000
3191.351766	1.000006E-3	-1.120000	312.339000
3191.524562	1.000006E-3	-1.080000	312.338000
3191.701674	1.000007E-3	-1.040000	312.336000
3191.874507	1.000007E-3	-1.000000	312.331000
3192.048178	1.000005E-3	-0.960000	312.334000
3192.226335	4.331959E-4	-0.920000	312.334000
3192.400515	3.066747E-4	-0.880000	312.332000
3192.578752	2.445540E-4	-0.840000	312.332000
3192.753942	2.044194E-4	-0.800000	312.333000
3192.927978	1.750634E-4	-0.760000	312.329000
3193.123015	1.519882E-4	-0.720000	312.326000
3193.297133	1.333388E-4	-0.680000	312.329000
3193.471506	1.176385E-4	-0.640000	312.329000
3193.648194	1.041268E-4	-0.600000	312.325000
3193.825042	9.234158E-5	-0.560000	312.325000
3194.060272	8.185341E-5	-0.520000	312.326000
3194.237453	7.241183E-5	-0.480000	312.325000
3194.423635	6.388022E-5	-0.440000	312.322000
3194.596271	5.606938E-5	-0.400000	312.325000
3194.770286	4.888614E-5	-0.360000	312.322000
3194.944453	4.222966E-5	-0.320000	312.322000
3195.124173	3.600396E-5	-0.280000	312.322000
3195.297872	3.013246E-5	-0.240000	312.321000
3195.473051	2.462092E-5	-0.200000	312.317000
3195.650879	1.936601E-5	-0.160000	312.313000
3195.826806	1.436611E-5	-0.120000	312.313000
3196.000595	9.525644E-6	-0.080000	312.319000
3196.237219	4.768518E-6	-0.040000	312.314000